0,0.11770507,0.73078,2,11
1,0.01323065,0.26644,2,28
2,nan,nan,nan,5
3,0.49346479,1.08738,2,8
4,nan,nan,nan,4
5,nan,nan,nan,4
6,nan,nan,nan,4
7,nan,nan,nan,2
8,nan,nan,nan,2
9,nan,nan,nan,3
10,nan,nan,nan,2
11,2.15802897,1.08495,2,10
12,nan,nan,nan,2
20,nan,nan,nan,4
21,0.70777433,1.0044,2,9
22,5.18726959,0.51953,2,7
23,1.89389219,0.99229,2,11
26,6.04415914,1.00044,2,6
27,9.00987382,0.44841,2,6
28,1.55514930,1.0029,2,17
29,nan,nan,nan,4
30,nan,nan,nan,3
31,nan,nan,nan,4
33,0.09588788,1.03625,2,31
34,0.13865551,0.8525,2,13
35,0.14840097,0.91833,2,17
36,nan,nan,nan,4
41,0.06060803,0.41925,2,7
42,nan,nan,nan,3
43,nan,nan,nan,2
44,nan,nan,nan,4
45,4.15143247,1.00745,2,6
46,nan,nan,nan,5
47,nan,nan,nan,3
48,nan,nan,nan,2
51,nan,nan,nan,5
52,nan,nan,nan,2
53,nan,nan,nan,3
54,6.82120798,0.65165,2,21
55,nan,nan,nan,3
60,3.65472603,0.9282,2,13
63,nan,nan,nan,3
64,1.15272361,0.88808,2,11
65,3.53402267,1.00337,2,14
66,nan,nan,nan,2
71,nan,nan,nan,2
73,6.01577975,1.06891,2,7
74,nan,nan,nan,5
75,nan,nan,nan,2
76,nan,nan,nan,2
80,nan,nan,nan,2
81,nan,nan,nan,3
82,nan,nan,nan,2
83,nan,nan,nan,3
84,nan,nan,nan,3
88,0.17307904,0.59343,2,8
91,nan,nan,nan,2
92,nan,nan,nan,2
93,nan,nan,nan,2
94,nan,nan,nan,4
98,nan,nan,nan,2
99,nan,nan,nan,2
100,nan,nan,nan,3
101,nan,nan,nan,4
102,nan,nan,nan,3
103,nan,nan,nan,2
107,1.51293505,0.61168,2,8
108,2.59332023,0.85973,2,6
109,nan,nan,nan,2
113,nan,nan,nan,2
114,nan,nan,nan,3
116,nan,nan,nan,3
117,9.09017177,0.98037,2,11
118,nan,nan,nan,2
121,nan,nan,nan,4
122,1.67980489,1.33988,2,15
125,nan,nan,nan,4
126,nan,nan,nan,4
129,nan,nan,nan,2
131,nan,nan,nan,4
132,2.37246668,0.77848,2,7
133,nan,nan,nan,2
134,nan,nan,nan,2
144,nan,nan,nan,2
146,nan,nan,nan,3
147,nan,nan,nan,3
148,2.66410035,0.66034,2,6
149,nan,nan,nan,3
150,nan,nan,nan,3
151,2.61955735,0.88308,2,13
152,nan,nan,nan,2
153,0.86058541,1.08182,2,7
156,nan,nan,nan,3
158,1.76053383,0.42211,2,18
159,nan,nan,nan,3
160,0.01477179,0.48777,2,33
161,nan,nan,nan,2
162,3.86467063,0.81124,2,8
165,nan,nan,nan,2
166,nan,nan,nan,2
167,2.14022315,1.52599,2,19
168,nan,nan,nan,2
169,nan,nan,nan,2
171,0.13639340,0.73352,2,7
172,nan,nan,nan,3
173,nan,nan,nan,4
178,2.62495806,0.64701,2,15
179,nan,nan,nan,4
180,2.54492678,1.2457,2,7
181,3.00406766,0.77017,2,9
182,nan,nan,nan,2
193,3.79280364,1.14424,2,9
194,nan,nan,nan,3
195,nan,nan,nan,2
196,nan,nan,nan,3
197,nan,nan,nan,5
198,0.06218980,0.33618,2,6
199,nan,nan,nan,4
200,nan,nan,nan,2
201,nan,nan,nan,3
202,nan,nan,nan,3
208,nan,nan,nan,2
209,nan,nan,nan,3
210,nan,nan,nan,3
215,nan,nan,nan,2
216,0.09066410,0.78632,2,14
217,nan,nan,nan,2
218,1.79117347,0.93052,2,11
219,1.16786922,0.93778,2,22
222,nan,nan,nan,2
223,nan,nan,nan,5
224,nan,nan,nan,5
225,0.77388310,1.05966,2,13
228,0.73726752,1.28576,2,21
229,0.48158040,0.60746,2,7
230,nan,nan,nan,3
231,nan,nan,nan,3
235,nan,nan,nan,3
237,nan,nan,nan,5
239,nan,nan,nan,3
240,4.77056212,0.7328,2,7
241,0.03185293,0.86237,2,19,0.02894633,0.2998,2,87,0.37635713,0.562,2,99,0.01371092,0.21202,2,119,0.14587395,1.03686,2,124
242,0.12379199,0.5167,2,22
243,nan,nan,nan,3
244,nan,nan,nan,5
245,nan,nan,nan,2
249,nan,nan,nan,2
250,nan,nan,nan,4
251,nan,nan,nan,5
252,nan,nan,nan,5
253,nan,nan,nan,5
254,nan,nan,nan,3
260,0.01055594,0.17262,2,45
261,nan,nan,nan,2
262,nan,nan,nan,2
263,7.58741767,1.25128,2,6
264,nan,nan,nan,2
265,nan,nan,nan,4
269,nan,nan,nan,5
270,nan,nan,nan,2
271,nan,nan,nan,2
272,nan,nan,nan,3
273,nan,nan,nan,2
274,nan,nan,nan,2
275,nan,nan,nan,4
276,9.56884365,0.67964,2,7
277,nan,nan,nan,2
282,nan,nan,nan,2
283,nan,nan,nan,2
284,nan,nan,nan,5
285,nan,nan,nan,5
286,4.40335186,1.0128,2,7
287,nan,nan,nan,4
288,nan,nan,nan,2
292,nan,nan,nan,2
294,0.19660289,0.776,2,7
295,nan,nan,nan,4
296,0.61278540,1.38929,2,8
297,nan,nan,nan,2
302,nan,nan,nan,3
304,0.30792562,0.9932,2,10
305,nan,nan,nan,2
306,nan,nan,nan,4
307,nan,nan,nan,2
308,nan,nan,nan,2
309,nan,nan,nan,2
310,nan,nan,nan,4
313,2.57389236,1.30905,2,12
314,nan,nan,nan,3
315,0.50347016,0.93901,2,6,0.03050324,0.17715,2,61
316,nan,nan,nan,3
317,3.30421230,0.34398,2,15,0.01481116,0.15039,2,46
318,nan,nan,nan,2
319,nan,nan,nan,2
320,nan,nan,nan,5
325,nan,nan,nan,2
326,4.20888351,1.09821,2,9
327,nan,nan,nan,2
328,nan,nan,nan,4
329,nan,nan,nan,5
334,0.70135470,1.3094,2,12
335,0.11949303,0.8944,2,21,0.01238976,0.53624,2,133
336,nan,nan,nan,2
337,nan,nan,nan,4
338,nan,nan,nan,5
341,1.45533465,0.65597,2,6
342,nan,nan,nan,5
343,nan,nan,nan,2
346,nan,nan,nan,4
347,nan,nan,nan,3
348,1.86174668,1.24769,2,13
349,nan,nan,nan,5
350,nan,nan,nan,2
351,2.98267039,1.15487,2,9
352,5.02820500,0.52367,2,6
355,0.99052444,1.15682,2,11
356,nan,nan,nan,2
359,0.06042604,0.36279,2,9
360,nan,nan,nan,2
361,nan,nan,nan,4
362,nan,nan,nan,4
363,nan,nan,nan,2
364,nan,nan,nan,5
369,0.02934758,1.19231,2,6
370,nan,nan,nan,5
371,nan,nan,nan,3
372,nan,nan,nan,2
373,nan,nan,nan,3
375,2.65854121,0.71933,2,11
376,nan,nan,nan,5
377,nan,nan,nan,2
378,nan,nan,nan,2
381,0.30294283,0.71997,2,11
382,0.02002805,0.32171,2,31
383,nan,nan,nan,4
384,nan,nan,nan,2
385,nan,nan,nan,4
387,nan,nan,nan,3
388,0.25716458,0.99256,2,8
389,1.08765737,1.46499,2,12
390,3.51864984,0.89339,2,7
391,nan,nan,nan,4
395,nan,nan,nan,2
396,1.12397570,0.81222,2,12
397,nan,nan,nan,3
398,1.18184240,0.92437,2,12
403,0.05276503,0.92556,2,140,0.06958719,0.4031,2,168
404,nan,nan,nan,5
405,nan,nan,nan,3
406,2.54122277,0.51626,2,12
407,4.46242574,1.2582,2,6
411,nan,nan,nan,4
412,nan,nan,nan,3
413,5.93363047,1.26224,2,6
414,nan,nan,nan,2
415,nan,nan,nan,3
416,nan,nan,nan,2
418,nan,nan,nan,3
419,3.27608821,1.26964,2,6
420,1.68498663,1.15774,2,13
421,nan,nan,nan,2
422,nan,nan,nan,2
424,nan,nan,nan,2
425,nan,nan,nan,5
426,0.02300166,0.2112,2,8
427,nan,nan,nan,2
428,1.57838075,1.00483,2,16
429,nan,nan,nan,5
430,9.35340494,0.95045,2,8
431,nan,nan,nan,2
433,4.86501049,0.82288,2,7
435,0.73201478,1.10825,2,6
436,1.25746128,0.54899,2,8
437,nan,nan,nan,2
438,nan,nan,nan,3
439,nan,nan,nan,2
442,nan,nan,nan,2
443,nan,nan,nan,4
444,2.07924442,0.75761,2,14
448,nan,nan,nan,2
449,nan,nan,nan,4
450,nan,nan,nan,3
451,nan,nan,nan,3
452,1.62436742,0.87731,2,7
453,nan,nan,nan,2
455,0.03292666,0.34065,2,28
456,nan,nan,nan,3
457,nan,nan,nan,5
460,nan,nan,nan,2
461,1.79045420,1.12198,2,6,0.00820465,0.61208,2,104
462,nan,nan,nan,5
463,6.04411766,1.1564,2,8
464,6.48575291,0.95379,2,18,0.00699393,0.39414,2,49
468,1.66234714,1.12321,2,8
469,nan,nan,nan,3
470,nan,nan,nan,2
471,nan,nan,nan,2
472,3.47406265,1.35171,2,11
473,1.23961929,1.10732,2,10
474,nan,nan,nan,4
478,nan,nan,nan,4
479,nan,nan,nan,2
480,2.50657873,1.0492,2,9
485,nan,nan,nan,5
486,6.42962666,0.84314,2,6
487,nan,nan,nan,4
490,nan,nan,nan,3
491,1.75069603,0.87208,2,9
498,nan,nan,nan,2
499,nan,nan,nan,4
500,3.87767680,0.44315,2,7
501,nan,nan,nan,2
504,nan,nan,nan,2
507,nan,nan,nan,3
508,0.42478565,1.58197,2,13
509,4.24531304,0.6629,2,6
510,nan,nan,nan,3
511,3.43320633,1.11623,2,14
512,nan,nan,nan,5
513,nan,nan,nan,2
517,nan,nan,nan,3
518,nan,nan,nan,2
524,2.74642454,0.71973,2,22
527,6.39628861,0.67719,2,8
528,1.67908702,0.64775,2,6
529,nan,nan,nan,3
532,nan,nan,nan,2
533,nan,nan,nan,2
534,nan,nan,nan,3
537,nan,nan,nan,3
538,nan,nan,nan,2
539,nan,nan,nan,2
540,1.03589195,1.4708,2,7
541,7.55159525,0.84412,2,7
542,nan,nan,nan,4
544,nan,nan,nan,4
545,nan,nan,nan,2
546,nan,nan,nan,2
547,nan,nan,nan,2
548,3.40884456,1.35842,2,15
550,nan,nan,nan,2
552,nan,nan,nan,2
553,nan,nan,nan,2
554,nan,nan,nan,3
555,nan,nan,nan,3
559,nan,nan,nan,2
560,nan,nan,nan,3
561,0.81455723,0.9053,2,6
562,nan,nan,nan,2
565,nan,nan,nan,2
566,nan,nan,nan,4
567,nan,nan,nan,3
568,0.29616515,0.68674,2,17
569,nan,nan,nan,2
573,nan,nan,nan,2
574,nan,nan,nan,2
575,nan,nan,nan,2
576,nan,nan,nan,2
577,nan,nan,nan,4
578,4.32253177,0.45561,2,7
579,nan,nan,nan,2
584,nan,nan,nan,5
585,2.42907829,0.85034,2,9
586,nan,nan,nan,2
589,0.07546625,0.83923,2,71
590,nan,nan,nan,2
591,0.75606105,0.64896,2,35
592,nan,nan,nan,5
593,nan,nan,nan,3
594,nan,nan,nan,2
605,0.04364212,0.91707,2,10
606,nan,nan,nan,3
607,nan,nan,nan,5
608,nan,nan,nan,3
611,1.34932074,0.62805,2,11
612,0.88619734,1.45567,2,15
613,nan,nan,nan,2
620,0.96523059,1.12083,2,13
621,4.56869520,0.59104,2,10
622,nan,nan,nan,4
623,nan,nan,nan,4
624,nan,nan,nan,2
626,nan,nan,nan,2
627,0.35523380,0.46583,2,15
629,nan,nan,nan,2
630,nan,nan,nan,5
631,1.30978677,0.64117,2,15
632,2.92662512,1.19537,2,8
633,nan,nan,nan,4
634,nan,nan,nan,5
635,nan,nan,nan,3
636,nan,nan,nan,4
640,nan,nan,nan,2
641,nan,nan,nan,5
642,nan,nan,nan,3
646,9.86645882,0.44015,2,6
647,nan,nan,nan,2
648,nan,nan,nan,2
649,0.14398184,1.17099,2,40
650,0.27995589,0.95057,2,7
651,0.89195941,0.95073,2,24
652,nan,nan,nan,3
653,1.96776651,0.69748,2,6
657,1.14677260,0.8745,2,18
658,4.12457565,1.18095,2,10
659,nan,nan,nan,4
660,4.89363039,0.65777,2,7
664,nan,nan,nan,3
665,nan,nan,nan,3
666,nan,nan,nan,5
667,nan,nan,nan,3
671,nan,nan,nan,2
672,nan,nan,nan,3
673,1.67027527,0.832,2,9
674,nan,nan,nan,4
675,nan,nan,nan,2
681,nan,nan,nan,2
682,nan,nan,nan,2
683,0.02534149,0.39158,2,67,1.00307498,1.07148,2,74
684,nan,nan,nan,4
685,nan,nan,nan,5
686,2.86178436,1.43626,2,10
687,nan,nan,nan,4
688,1.99412133,0.72087,2,9
689,nan,nan,nan,5
696,0.30988709,0.82961,2,12
697,nan,nan,nan,3
698,nan,nan,nan,3
699,nan,nan,nan,3
700,nan,nan,nan,3
703,0.96527156,1.13955,2,34
704,nan,nan,nan,2
705,3.99145521,1.16369,2,6
706,nan,nan,nan,3
708,nan,nan,nan,2
709,nan,nan,nan,4
710,0.01961880,0.57174,2,9
711,nan,nan,nan,2
712,nan,nan,nan,3
713,nan,nan,nan,5
714,nan,nan,nan,4
715,nan,nan,nan,2
716,nan,nan,nan,3
717,nan,nan,nan,2
721,nan,nan,nan,3
722,nan,nan,nan,3
724,0.20473185,0.89405,2,10
725,nan,nan,nan,2
726,nan,nan,nan,5
727,3.41113309,0.88993,2,6
728,nan,nan,nan,5
731,nan,nan,nan,4
732,nan,nan,nan,4
733,6.51348993,0.79797,2,6
734,6.73306670,1.11703,2,7
735,nan,nan,nan,3
740,nan,nan,nan,3
741,nan,nan,nan,5
745,nan,nan,nan,3
746,nan,nan,nan,2
747,nan,nan,nan,4
748,nan,nan,nan,3
749,7.90977217,0.78529,2,8
752,0.86338549,0.8258,2,7
753,nan,nan,nan,2
754,4.37491154,0.91011,2,12
755,nan,nan,nan,5
757,0.12161175,0.22475,2,78,2.75409866,1.58282,2,85
758,nan,nan,nan,4
759,nan,nan,nan,2
760,nan,nan,nan,2
761,nan,nan,nan,5
762,nan,nan,nan,3
763,nan,nan,nan,2
764,nan,nan,nan,2
765,2.72534973,0.68561,2,13
766,nan,nan,nan,4
772,nan,nan,nan,4
773,nan,nan,nan,3
774,nan,nan,nan,2
775,0.31042425,1.14192,2,13
776,nan,nan,nan,5
777,nan,nan,nan,5
778,nan,nan,nan,3
781,nan,nan,nan,4
782,nan,nan,nan,2
783,4.37222543,1.06304,2,9
784,2.86265368,0.44191,2,12
785,nan,nan,nan,4
788,nan,nan,nan,2
789,0.78063308,0.93964,2,10
790,nan,nan,nan,2
791,nan,nan,nan,2
792,nan,nan,nan,3
796,0.22990150,1.25602,2,45
797,nan,nan,nan,2
798,nan,nan,nan,2
799,nan,nan,nan,3
800,nan,nan,nan,2
801,6.19567329,0.6298,2,10
802,nan,nan,nan,5
803,nan,nan,nan,3
809,0.21634321,1.18914,2,9
810,nan,nan,nan,3
811,0.14695397,1.06245,2,21
812,nan,nan,nan,3
813,nan,nan,nan,4
814,4.73111467,1.05096,2,7
815,nan,nan,nan,4
816,0.24605782,1.02994,2,6
817,nan,nan,nan,2
818,nan,nan,nan,2
819,nan,nan,nan,2
825,0.23410340,1.07478,2,36
827,0.07477264,0.9175,2,38
828,0.51187354,0.87943,2,8
829,nan,nan,nan,4
830,7.37574508,0.25634,2,8
831,nan,nan,nan,3
832,nan,nan,nan,2
833,nan,nan,nan,5
834,nan,nan,nan,2
835,nan,nan,nan,3
838,nan,nan,nan,3
839,nan,nan,nan,3
840,nan,nan,nan,3
841,nan,nan,nan,2
842,3.08747889,1.20564,2,7
843,nan,nan,nan,2
846,nan,nan,nan,4
847,nan,nan,nan,3
848,0.19361227,0.82829,2,7
849,6.21504071,1.15031,2,7
850,5.79410660,1.11888,2,7
859,8.37828614,1.04545,2,6
860,2.84366558,0.3809,2,8
861,0.74608572,0.64416,2,20
862,0.13260122,0.70349,2,59
866,nan,nan,nan,2
868,nan,nan,nan,2
869,0.58146197,1.23902,2,25
870,nan,nan,nan,2
871,nan,nan,nan,3
872,5.03521711,1.12575,2,9
873,nan,nan,nan,3
875,nan,nan,nan,2
877,0.54833780,0.77466,2,31
878,nan,nan,nan,5
879,nan,nan,nan,2
882,nan,nan,nan,2
884,0.20127415,0.88665,2,28,0.01769285,0.24461,2,45,0.22910306,0.70006,2,50
886,0.05588466,0.51824,2,132
887,nan,nan,nan,2
888,3.86047527,1.13933,2,7
889,3.99823459,0.38355,2,8
890,nan,nan,nan,2
892,nan,nan,nan,5
893,2.14784751,1.15014,2,6
894,nan,nan,nan,2
895,nan,nan,nan,2
897,nan,nan,nan,2
899,0.27535510,0.49695,2,6
900,nan,nan,nan,4
901,nan,nan,nan,4
902,nan,nan,nan,4
903,nan,nan,nan,2
907,2.00390877,1.25112,2,12
909,nan,nan,nan,2
910,nan,nan,nan,2
912,0.48796139,0.7786,2,14,0.02457739,0.13858,2,43
913,1.31985066,0.85245,2,7
914,nan,nan,nan,2
917,nan,nan,nan,2
918,nan,nan,nan,2
919,nan,nan,nan,4
920,nan,nan,nan,2
926,nan,nan,nan,5
927,nan,nan,nan,3
929,nan,nan,nan,4
930,2.96161309,0.39361,2,23
931,3.97547218,0.68878,2,7
932,nan,nan,nan,2
940,2.94922338,0.89151,2,21
941,nan,nan,nan,3
942,3.10149531,1.20718,2,6
945,nan,nan,nan,2
946,nan,nan,nan,2
947,nan,nan,nan,5
948,nan,nan,nan,2
952,nan,nan,nan,4
953,0.48762515,0.89132,2,6
954,nan,nan,nan,5
955,nan,nan,nan,2
956,1.19149168,0.76044,2,7
957,nan,nan,nan,2
958,3.03253278,0.92554,2,12
963,nan,nan,nan,4
964,nan,nan,nan,4
966,nan,nan,nan,5
967,nan,nan,nan,3
968,nan,nan,nan,4
969,nan,nan,nan,2
973,nan,nan,nan,3
974,nan,nan,nan,2
979,2.18154043,1.21143,2,23
980,nan,nan,nan,3
981,1.85506217,0.84643,2,8
982,nan,nan,nan,3
983,4.41350917,1.09051,2,6
984,nan,nan,nan,3
985,nan,nan,nan,3
987,nan,nan,nan,3
988,nan,nan,nan,4
989,nan,nan,nan,2
990,nan,nan,nan,4
992,nan,nan,nan,4
993,1.34319969,0.77147,2,10
994,nan,nan,nan,4
1000,1.08516810,1.37245,2,9
1001,0.39392986,1.07884,2,6
1002,2.04206598,1.29358,2,6
1003,nan,nan,nan,3
1006,nan,nan,nan,2
1007,nan,nan,nan,3
1008,nan,nan,nan,2
1009,0.95084884,0.7935,2,15
1010,nan,nan,nan,3
1011,nan,nan,nan,2
1015,nan,nan,nan,3
1016,nan,nan,nan,2
1017,0.79826362,1.18434,2,9
1018,nan,nan,nan,2
1020,nan,nan,nan,2
1021,nan,nan,nan,2
1022,1.31014481,1.10421,2,6
1023,nan,nan,nan,4
1024,nan,nan,nan,4
1027,nan,nan,nan,2
1028,nan,nan,nan,3
1030,4.52800270,0.68966,2,7
1033,0.02432073,0.68196,2,18
1034,nan,nan,nan,5
1035,5.02646006,0.50982,2,6
1036,nan,nan,nan,2
1037,nan,nan,nan,2
1039,3.38239417,1.18374,2,10
1041,nan,nan,nan,5
1042,4.19144936,0.85076,2,10
1043,nan,nan,nan,3
1044,2.52719037,0.94511,2,10
1045,nan,nan,nan,3
1046,6.36467110,1.16367,2,7
1047,nan,nan,nan,4
1051,0.39943980,0.62102,2,9
1052,nan,nan,nan,3
1057,0.18086345,1.0654,2,69
1058,nan,nan,nan,5
1059,nan,nan,nan,2
1061,nan,nan,nan,2
1062,nan,nan,nan,4
1063,nan,nan,nan,2
1066,nan,nan,nan,5
1067,nan,nan,nan,2
1068,0.06253915,0.59103,2,17
1069,nan,nan,nan,2
1070,nan,nan,nan,4
1074,nan,nan,nan,4
1075,nan,nan,nan,3
1076,nan,nan,nan,2
1078,nan,nan,nan,2
1079,nan,nan,nan,2
1080,nan,nan,nan,2
1081,nan,nan,nan,3
1084,4.05960568,1.24085,2,10
1085,0.57412125,0.98247,2,29
1086,nan,nan,nan,4
1087,nan,nan,nan,2
1088,7.19152609,0.59315,2,8
1090,5.11805227,1.00554,2,7
1091,2.81145282,1.14972,2,11
1096,nan,nan,nan,2
1097,nan,nan,nan,5
1098,7.65169186,1.24713,2,10
1101,4.59765125,0.42914,2,10
1102,0.16965988,1.10521,2,12
1103,4.89723969,1.45019,2,6
1104,5.59526827,0.83966,2,11
1109,nan,nan,nan,2
1110,nan,nan,nan,4
1111,0.12246152,1.26448,2,9
1112,0.28658209,0.82146,2,50
1113,nan,nan,nan,3
1114,nan,nan,nan,3
1115,nan,nan,nan,2
1116,nan,nan,nan,2
1117,nan,nan,nan,2
1118,nan,nan,nan,2
1120,nan,nan,nan,3
1121,nan,nan,nan,4
1122,nan,nan,nan,2
1127,1.33375242,1.54405,2,10
1128,nan,nan,nan,4
1129,nan,nan,nan,2
1131,nan,nan,nan,2
1132,nan,nan,nan,2
1133,nan,nan,nan,2
1134,1.25981921,1.30642,2,36
1135,nan,nan,nan,2
1136,nan,nan,nan,3
1138,0.70718926,1.50863,2,11
1139,nan,nan,nan,4
1140,0.43824890,1.38679,2,7
1141,0.66239202,0.80819,2,6
1142,nan,nan,nan,3
1143,nan,nan,nan,2
1144,7.75195124,0.67179,2,7
1145,6.90604976,1.57605,2,6
1149,0.74334804,1.23784,2,7
1150,nan,nan,nan,2
1151,4.34888302,0.987,2,10
1152,0.09181838,0.40386,2,21
1153,nan,nan,nan,2
1154,nan,nan,nan,3
1159,nan,nan,nan,3
1160,5.21941039,0.96291,2,6
1161,nan,nan,nan,2
1162,nan,nan,nan,4
1163,nan,nan,nan,3
1164,nan,nan,nan,2
1169,nan,nan,nan,5
1170,nan,nan,nan,2
1171,nan,nan,nan,3
1172,nan,nan,nan,3
1173,nan,nan,nan,4
1178,2.14865167,1.26138,2,11
1179,nan,nan,nan,3
1180,nan,nan,nan,5
1181,nan,nan,nan,4
1186,0.39734204,0.75109,2,8
1187,1.93833269,0.63893,2,10
1188,nan,nan,nan,5
1189,nan,nan,nan,2
1195,0.11711776,0.96926,2,7
1196,nan,nan,nan,5
1197,nan,nan,nan,4
1198,nan,nan,nan,4
1199,3.98202219,1.06909,2,7
1200,2.90959071,0.8659,2,17
1201,nan,nan,nan,3
1204,5.00351557,0.68826,2,7
1205,nan,nan,nan,3
1206,0.00799377,0.34915,2,8
1207,nan,nan,nan,4
1209,0.32119764,1.07161,2,17
1210,nan,nan,nan,3
1211,nan,nan,nan,4
1216,nan,nan,nan,3
1217,nan,nan,nan,2
1218,nan,nan,nan,2
1219,nan,nan,nan,3
1220,nan,nan,nan,5
1223,3.19469937,0.68178,2,8
1224,0.25475537,0.89287,2,14
1225,nan,nan,nan,4
1226,nan,nan,nan,2
1227,nan,nan,nan,4
1230,0.28654044,0.64647,2,23
1231,1.90017880,1.4047,2,9
1232,nan,nan,nan,3
1236,nan,nan,nan,3
1237,nan,nan,nan,5
1238,0.01193536,0.70124,2,7
1239,nan,nan,nan,3
1240,nan,nan,nan,3
1241,nan,nan,nan,2
1242,nan,nan,nan,3
1245,nan,nan,nan,5
1246,nan,nan,nan,4
1247,5.13089887,0.55696,2,6
1248,nan,nan,nan,4
1249,nan,nan,nan,3
1250,nan,nan,nan,3
1255,nan,nan,nan,2
1256,nan,nan,nan,2
1257,0.10086350,0.92502,2,46
1258,0.53826842,1.00271,2,8
1259,nan,nan,nan,2
1260,nan,nan,nan,2
1262,nan,nan,nan,4
1263,1.61948189,1.21735,2,7
1264,nan,nan,nan,3
1265,nan,nan,nan,3
1266,3.82597996,1.01585,2,6
1267,nan,nan,nan,3
1268,nan,nan,nan,3
1269,nan,nan,nan,3
1270,nan,nan,nan,2
1271,nan,nan,nan,2
1275,nan,nan,nan,2
1277,0.69768057,0.68829,2,10
1278,nan,nan,nan,4
1279,nan,nan,nan,2
1280,nan,nan,nan,2
1281,0.20818843,0.7412,2,12
1282,1.45502599,0.69444,2,6
1283,nan,nan,nan,4
1284,1.57550086,1.35385,2,6
1285,1.59223071,0.45979,2,6
1286,nan,nan,nan,3
1287,nan,nan,nan,4
1291,nan,nan,nan,2
1294,nan,nan,nan,2
1295,nan,nan,nan,5
1296,nan,nan,nan,5
1297,1.00012336,0.70116,2,6
1298,nan,nan,nan,2
1299,nan,nan,nan,5
1300,nan,nan,nan,5
1303,nan,nan,nan,2
1304,1.94145622,0.66772,2,7
1305,nan,nan,nan,5
1306,nan,nan,nan,2
1307,nan,nan,nan,4
1308,nan,nan,nan,3
1310,nan,nan,nan,2
1311,nan,nan,nan,4
1312,2.35142707,0.99617,2,6
1313,nan,nan,nan,4
1314,1.93200948,0.76622,2,10
1315,4.22062378,0.93915,2,8
1323,nan,nan,nan,5
1327,nan,nan,nan,3
1328,1.06400156,1.13833,2,6
1329,nan,nan,nan,3
1330,nan,nan,nan,4
1331,nan,nan,nan,5
1335,nan,nan,nan,2
1336,0.60604872,1.0108,2,6
1337,0.07366829,0.62217,2,6
1338,5.38919541,0.91896,2,7
1339,nan,nan,nan,4
1340,nan,nan,nan,3
1344,nan,nan,nan,2
1345,1.95171549,0.92394,2,7
1347,nan,nan,nan,2
1348,nan,nan,nan,2
1349,3.52345137,0.97637,2,7
1350,2.83496070,0.48555,2,8
1353,nan,nan,nan,2
1354,nan,nan,nan,5
1355,1.18521377,0.8645,2,6
1356,nan,nan,nan,2
1357,nan,nan,nan,5
1364,nan,nan,nan,4
1366,3.11593392,0.43332,2,22
1367,nan,nan,nan,2
1368,nan,nan,nan,2
1369,nan,nan,nan,3
1370,8.95216010,1.2207,2,7
1373,0.29663361,1.26305,2,15
1379,0.52563260,1.30681,2,8
1380,nan,nan,nan,2
1381,nan,nan,nan,3
1382,nan,nan,nan,2
1386,nan,nan,nan,4
1387,nan,nan,nan,3
1388,nan,nan,nan,2
1389,1.06298677,1.13314,2,7
1390,nan,nan,nan,3
1391,nan,nan,nan,4
1392,nan,nan,nan,4
1399,1.12514313,1.38272,2,13
1400,0.59302777,0.90139,2,7
1401,nan,nan,nan,2
1406,nan,nan,nan,4
1407,nan,nan,nan,5
1408,0.06188842,0.57048,2,9
1409,nan,nan,nan,2
1410,nan,nan,nan,5
1411,2.61906881,1.05149,2,9
1412,6.31861808,0.86252,2,8
1416,0.10902395,0.13824,2,20
1417,0.63668330,1.40284,2,11
1418,nan,nan,nan,2
1419,2.30262164,0.89415,2,7
1420,5.07414480,1.10863,2,8
1421,3.72330670,0.40903,2,8
1424,nan,nan,nan,4
1425,0.54435411,1.17293,2,9
1428,nan,nan,nan,3
1429,nan,nan,nan,2
1430,0.54234049,0.95386,2,11
1431,nan,nan,nan,5
1432,nan,nan,nan,2
1438,0.38551568,1.2901,2,34
1439,0.36260363,0.89003,2,6
1440,nan,nan,nan,3
1441,nan,nan,nan,4
1442,1.12866971,1.40091,2,18
1443,0.79660298,0.87757,2,13
1444,3.02216844,0.86272,2,6
1445,nan,nan,nan,2
1446,nan,nan,nan,2
1447,5.75780254,0.91525,2,7
1448,nan,nan,nan,3
1449,nan,nan,nan,3
1450,5.09609461,1.26472,2,15
1455,0.07529929,0.40199,2,10,0.13204302,1.22923,2,30
1456,3.14947400,1.21692,2,6
1457,2.71830521,0.84782,2,27
1458,nan,nan,nan,4
1459,nan,nan,nan,2
1463,nan,nan,nan,4
1464,2.11443103,1.02985,2,6
1466,0.08854853,0.70816,2,92
1467,nan,nan,nan,2
1468,nan,nan,nan,3
1469,nan,nan,nan,2
1470,5.18568793,0.54361,2,12
1471,nan,nan,nan,4
1473,0.70463469,1.20003,2,9
1474,nan,nan,nan,2
1477,1.04526132,1.36389,2,14
1478,3.62195436,0.99882,2,12
1480,2.96595957,1.03819,2,8
1482,0.83253382,0.91085,2,12
1486,nan,nan,nan,4
1487,0.04072938,0.50842,2,31
1488,nan,nan,nan,4
1489,nan,nan,nan,3
1490,nan,nan,nan,3
1491,nan,nan,nan,3
1492,6.44052864,1.35024,2,6
1493,nan,nan,nan,3
1494,nan,nan,nan,2
1497,0.14176000,1.01004,2,17
1498,4.49320014,0.95102,2,9
1499,0.05937667,1.1863,2,13
1500,nan,nan,nan,3
1501,nan,nan,nan,2
1502,1.96641206,1.10347,2,9
1503,nan,nan,nan,2
1509,0.93934644,1.25288,2,9
1510,0.03667970,0.2804,2,10
1511,nan,nan,nan,3
1512,nan,nan,nan,2
1513,3.57565668,0.95409,2,9
1514,nan,nan,nan,4
1518,1.00201463,0.87719,2,8
1519,nan,nan,nan,2
1520,0.27073623,0.8827,2,21
1521,nan,nan,nan,3
1522,2.58825547,1.07918,2,16
1531,0.09537185,0.29536,2,8
1532,nan,nan,nan,2
1533,1.19861011,0.8751,2,35
1534,nan,nan,nan,2
1535,nan,nan,nan,3
1536,nan,nan,nan,2
1539,nan,nan,nan,2
1541,6.08101505,1.31061,2,9
1542,nan,nan,nan,3
1543,nan,nan,nan,2
1544,nan,nan,nan,2
1549,nan,nan,nan,2
1550,1.06067279,0.63939,2,8
1551,nan,nan,nan,3
1553,nan,nan,nan,2
1555,0.10100077,0.79541,2,137,0.02472847,0.27218,2,204
1557,0.28153596,0.43707,2,10
1558,nan,nan,nan,2
1559,nan,nan,nan,4
1562,2.26014632,1.1103,2,6
1563,nan,nan,nan,2
1565,nan,nan,nan,3
1566,nan,nan,nan,2
1567,3.80450366,0.82428,2,14
1568,0.94079379,1.31305,2,11
1569,nan,nan,nan,2
1570,nan,nan,nan,3
1571,nan,nan,nan,2
1574,nan,nan,nan,5
1575,nan,nan,nan,2
1576,nan,nan,nan,5
1577,nan,nan,nan,2
1578,nan,nan,nan,4
1579,nan,nan,nan,2
1580,nan,nan,nan,2
1584,0.03221630,0.10778,2,50
1585,nan,nan,nan,3
1586,1.30103582,0.85351,2,9
1587,nan,nan,nan,2
1588,0.81482543,0.97747,2,11
1589,nan,nan,nan,5
1590,nan,nan,nan,4
1591,nan,nan,nan,3
1592,1.84383189,0.84895,2,6
1593,nan,nan,nan,2
1596,nan,nan,nan,5
1597,4.18135201,0.40604,2,8
1598,nan,nan,nan,4
1602,nan,nan,nan,5
1603,nan,nan,nan,3
1607,2.51836512,0.45894,2,8
1610,nan,nan,nan,2
1611,nan,nan,nan,2
1614,1.22482694,1.35106,2,10
1615,nan,nan,nan,2
1616,0.04449965,0.22927,2,15
1617,nan,nan,nan,4
1620,nan,nan,nan,3
1621,nan,nan,nan,2
1622,nan,nan,nan,4
1623,0.09802322,0.89546,2,13
1624,nan,nan,nan,3
1625,7.48869939,1.14483,2,6
1627,0.11130508,0.27679,2,15
1628,nan,nan,nan,2
1630,nan,nan,nan,4
1631,0.61687404,0.94341,2,8
1632,nan,nan,nan,4
1633,2.84899475,1.32946,2,5,0.31230866,0.41688,2,10
1634,nan,nan,nan,2
1635,5.26468686,1.2148,2,9
1636,nan,nan,nan,2
1637,nan,nan,nan,5
1643,0.01576568,0.24162,2,32
1644,nan,nan,nan,3
1645,nan,nan,nan,2
1646,nan,nan,nan,2
1647,nan,nan,nan,4
1650,nan,nan,nan,2
1651,nan,nan,nan,2
1652,nan,nan,nan,2
1653,0.23550608,1.21353,2,15
1654,nan,nan,nan,2
1657,0.21458494,0.86547,2,6
1658,nan,nan,nan,3
1659,nan,nan,nan,2
1661,0.91488488,0.57167,2,9
1662,nan,nan,nan,4
1663,nan,nan,nan,2
1664,3.03640007,0.91623,2,8
1665,2.01939326,1.01857,2,9
1666,nan,nan,nan,2
1673,0.99419821,0.8082,2,48
1674,nan,nan,nan,3
1675,nan,nan,nan,4
1676,nan,nan,nan,3
1677,nan,nan,nan,2
1678,1.14816699,1.11305,2,11
1679,nan,nan,nan,4
1680,nan,nan,nan,2
1686,nan,nan,nan,2
1688,1.04835305,0.94365,2,21
1689,nan,nan,nan,2
1690,0.69663188,1.07044,2,7
1691,6.29516241,0.57299,2,6
1692,nan,nan,nan,2
1693,0.15296666,0.68144,2,30
1695,0.83452762,0.53002,2,10
1696,0.09061703,1.0927,2,34
1697,nan,nan,nan,4
1701,nan,nan,nan,2
1703,2.24824571,0.9173,2,10
1704,nan,nan,nan,2
1705,nan,nan,nan,3
1706,nan,nan,nan,3
1709,nan,nan,nan,5
1710,nan,nan,nan,2
1711,2.38385392,1.35932,2,9
1712,1.98184207,0.92732,2,9
1714,nan,nan,nan,2
1715,2.59571971,0.94794,2,8
1716,nan,nan,nan,2
1717,nan,nan,nan,3
1718,nan,nan,nan,3
1719,nan,nan,nan,2
1720,0.06274456,0.72114,2,6
1721,nan,nan,nan,2
1722,nan,nan,nan,2
1723,nan,nan,nan,4
1724,0.45172480,0.37255,2,18
1732,2.96810638,1.17572,2,6
1734,nan,nan,nan,2
1735,1.48556108,1.23794,2,15
1736,nan,nan,nan,4
1740,nan,nan,nan,3
1743,0.29094362,0.90865,2,42
1744,nan,nan,nan,2
1749,nan,nan,nan,3
1751,nan,nan,nan,3
1752,nan,nan,nan,3
1753,nan,nan,nan,2
1754,nan,nan,nan,3
1757,6.16684233,0.95701,2,8
1758,nan,nan,nan,2
1759,nan,nan,nan,3
1762,nan,nan,nan,3
1763,2.66963997,1.28142,2,9
1764,4.06404867,1.05949,2,11
1770,nan,nan,nan,3
1771,nan,nan,nan,4
1772,0.54186757,1.18319,2,23
1773,2.12267597,0.43678,2,8
1774,nan,nan,nan,2
1775,nan,nan,nan,4
1777,nan,nan,nan,2
1778,nan,nan,nan,2
1779,5.81134214,1.36346,2,6
1780,nan,nan,nan,2
1785,nan,nan,nan,3
1786,6.80130870,1.11273,2,8
1790,nan,nan,nan,2
1791,nan,nan,nan,2
1792,1.06552729,1.03303,2,25
1793,3.64852260,1.41132,2,9
1794,nan,nan,nan,3
1796,nan,nan,nan,2
1798,nan,nan,nan,5
1799,1.47937343,1.06781,2,12
1800,nan,nan,nan,2
1801,nan,nan,nan,4
1805,nan,nan,nan,3
1806,nan,nan,nan,4
1807,nan,nan,nan,2
1808,nan,nan,nan,2
1809,1.86517066,0.60671,2,17
1810,9.98734444,0.97298,2,8
1811,nan,nan,nan,3
1812,3.95843330,0.84558,2,10
1814,0.99920088,0.71023,2,21
1816,nan,nan,nan,2
1817,nan,nan,nan,4
1818,nan,nan,nan,2
1824,nan,nan,nan,3
1825,nan,nan,nan,2
1826,nan,nan,nan,5
1827,2.18465662,0.85403,2,13
1828,nan,nan,nan,3
1829,nan,nan,nan,3
1830,nan,nan,nan,3
1831,nan,nan,nan,4
1832,nan,nan,nan,2
1834,0.73221559,1.35807,2,10
1835,nan,nan,nan,2
1836,nan,nan,nan,5
1843,nan,nan,nan,4
1844,1.18650890,0.94127,2,15
1845,nan,nan,nan,3
1846,4.51789130,0.96663,2,11
1852,nan,nan,nan,2
1853,nan,nan,nan,2
1856,4.71643622,0.89646,2,9
1857,1.50362293,0.83946,2,6
1858,nan,nan,nan,3
1859,9.97925915,0.717,2,9
1863,1.32771997,1.32673,2,47
1864,nan,nan,nan,5
1865,nan,nan,nan,3
1871,3.71872734,0.59963,2,6
1873,nan,nan,nan,3
1875,nan,nan,nan,3
1876,nan,nan,nan,3
1877,nan,nan,nan,3
1878,nan,nan,nan,4
1879,3.95183748,0.4338,2,8
1880,nan,nan,nan,2
1881,nan,nan,nan,2
1882,1.77041173,1.4198,2,8
1883,nan,nan,nan,2
1884,nan,nan,nan,2
1888,nan,nan,nan,2
1889,0.10865394,0.40137,2,6
1890,nan,nan,nan,4
1891,2.01626526,0.56341,2,6
1892,2.76988969,0.41518,2,20
1893,nan,nan,nan,2
1894,nan,nan,nan,4
1903,nan,nan,nan,2
1904,nan,nan,nan,3
1905,0.23419640,0.97866,2,10
1906,nan,nan,nan,3
1907,nan,nan,nan,3
1908,nan,nan,nan,3
1909,nan,nan,nan,3
1910,nan,nan,nan,4
1911,5.28888271,0.82325,2,9
1913,nan,nan,nan,3
1914,1.34602603,0.70742,2,14
1915,0.26259686,0.96655,2,7
1916,nan,nan,nan,4
1917,5.36427560,1.22593,2,6
1918,nan,nan,nan,3
1919,7.87493269,0.78864,2,6
1920,nan,nan,nan,3
1926,nan,nan,nan,2
1928,0.02731844,0.25006,2,13
1929,nan,nan,nan,3
1930,nan,nan,nan,2
1931,nan,nan,nan,3
1932,nan,nan,nan,3
1933,nan,nan,nan,5
1934,nan,nan,nan,4
1935,nan,nan,nan,2
1939,nan,nan,nan,3
1940,1.12198617,1.18208,2,29
1941,nan,nan,nan,4
1942,5.02636762,1.00922,2,9
1946,8.40511652,0.78885,2,6
1949,nan,nan,nan,3
1950,0.04056328,0.75274,2,6
1951,nan,nan,nan,2
1952,0.28818046,0.71556,2,12
1953,nan,nan,nan,3
1954,1.07663202,0.62762,2,6
1955,nan,nan,nan,3
1956,nan,nan,nan,2
1961,nan,nan,nan,2
1962,5.30341717,1.22552,2,8
1963,nan,nan,nan,4
1964,nan,nan,nan,5
1965,nan,nan,nan,4
1966,nan,nan,nan,3
1973,nan,nan,nan,3
1975,nan,nan,nan,4
1976,nan,nan,nan,3
1977,4.27896893,1.22403,2,8
1978,nan,nan,nan,4
1979,nan,nan,nan,2
1984,nan,nan,nan,2
1985,nan,nan,nan,3
1986,nan,nan,nan,3
1987,nan,nan,nan,3
1988,nan,nan,nan,5
1995,nan,nan,nan,4
1996,nan,nan,nan,2
1997,nan,nan,nan,4
1998,nan,nan,nan,2
1999,1.44970588,1.06602,2,6
2000,nan,nan,nan,3
2001,6.51977917,0.94676,2,19
2002,nan,nan,nan,2
2003,nan,nan,nan,3
2004,nan,nan,nan,2
2008,nan,nan,nan,3
2009,nan,nan,nan,4
2010,nan,nan,nan,5
2015,4.64470901,0.82825,2,7
2016,nan,nan,nan,5
2017,nan,nan,nan,5
2018,nan,nan,nan,2
2019,nan,nan,nan,2
2025,nan,nan,nan,2
2026,nan,nan,nan,4
2028,1.09382271,0.92373,2,33
2029,nan,nan,nan,2
2030,nan,nan,nan,3
2034,0.03769762,0.69451,2,9
2035,1.21840915,0.99773,2,6
2036,2.74145354,1.24204,2,17
2037,nan,nan,nan,2
2038,3.32748514,0.61371,2,7
2039,nan,nan,nan,3
2040,nan,nan,nan,2
2045,nan,nan,nan,3
2046,nan,nan,nan,3
2049,nan,nan,nan,3
2050,nan,nan,nan,3
2051,nan,nan,nan,2
2052,0.65608694,0.93512,2,13
2053,nan,nan,nan,4
2054,nan,nan,nan,2
2055,nan,nan,nan,4
2056,2.53565919,1.06157,2,7
2057,8.48272876,1.53499,2,6
2058,nan,nan,nan,2
2061,2.69511504,0.65207,2,6
2062,3.71642575,0.33704,2,8
2063,2.17895944,0.93909,2,15
2064,nan,nan,nan,3
2065,nan,nan,nan,2
2069,0.25887013,0.9582,2,20
2071,nan,nan,nan,4
2072,0.07820102,0.73773,2,19
2073,0.83846488,1.36448,2,9
2074,nan,nan,nan,3
2075,7.21252153,0.45914,2,6
2076,2.77698043,0.71462,2,6
2077,nan,nan,nan,4
2081,nan,nan,nan,4
2082,nan,nan,nan,4
2083,nan,nan,nan,2
2085,nan,nan,nan,2
2086,nan,nan,nan,3
2088,nan,nan,nan,2
2089,0.38428340,1.14472,2,7
2090,0.10169323,0.46232,2,44
2091,1.45328664,0.94965,2,18
2092,nan,nan,nan,2
2093,7.65295319,0.80431,2,7
2094,7.94051226,0.59048,2,6
2095,nan,nan,nan,5
2101,0.79919037,0.7878,2,30
2102,0.04271270,0.77395,2,14
2103,nan,nan,nan,5
2104,nan,nan,nan,2
2105,nan,nan,nan,4
2106,nan,nan,nan,2
2107,nan,nan,nan,4
2114,0.07396834,0.66789,2,6
2115,nan,nan,nan,3
2116,nan,nan,nan,3
2117,nan,nan,nan,2
2118,nan,nan,nan,3
2119,nan,nan,nan,5
2122,nan,nan,nan,3
2124,0.05458455,0.49195,2,6
2125,0.29246659,1.28582,2,30
2126,1.25061209,1.35241,2,10
2127,nan,nan,nan,4
2128,nan,nan,nan,4
2129,4.04235544,1.10225,2,8
2130,4.57894921,0.85902,2,8
2133,nan,nan,nan,4
2134,nan,nan,nan,2
2135,nan,nan,nan,3
2136,nan,nan,nan,3
2137,3.78826982,0.51358,2,9
2138,nan,nan,nan,3
2139,6.60810965,1.13007,2,6
2140,0.36801656,1.00153,2,16
2141,4.09286600,1.2878,2,19
2144,nan,nan,nan,2
2145,nan,nan,nan,3
2146,nan,nan,nan,2
2147,nan,nan,nan,4
2148,nan,nan,nan,2
2154,4.92745291,1.27869,2,6
2156,1.70293366,1.11611,2,8
2157,nan,nan,nan,3
2158,0.60175091,1.07486,2,13
2159,nan,nan,nan,2
2160,nan,nan,nan,3
2161,nan,nan,nan,2
2164,6.22349353,0.6036,2,8
2166,1.37223571,1.09884,2,6
2167,nan,nan,nan,4
2168,2.13759717,0.99522,2,6
2169,3.71833642,0.85179,2,10
2170,nan,nan,nan,4
2171,7.23283273,0.88255,2,7
2172,7.62478705,0.85524,2,6
2176,2.02993357,1.1488,2,13
2178,1.90730150,0.70095,2,9
2179,0.54667651,1.04063,2,23
2180,nan,nan,nan,2
2181,nan,nan,nan,4
2182,nan,nan,nan,4
2186,0.56616825,0.8475,2,20
2187,3.04341505,0.45015,2,18
2188,1.53203279,1.21739,2,24
2189,nan,nan,nan,3
2190,4.68921043,0.43204,2,12
2194,nan,nan,nan,2
2197,nan,nan,nan,2
2198,nan,nan,nan,3
2199,nan,nan,nan,2
2200,nan,nan,nan,3
2203,1.99448591,0.96343,2,14
2205,0.78012477,1.14069,2,15
2206,nan,nan,nan,3
2207,nan,nan,nan,2
2208,nan,nan,nan,2
2209,1.65783241,0.83908,2,7
2210,nan,nan,nan,3
2211,nan,nan,nan,3
2212,nan,nan,nan,4
2213,nan,nan,nan,2
2218,nan,nan,nan,2
2219,nan,nan,nan,3
2220,nan,nan,nan,5
2221,nan,nan,nan,5
2222,nan,nan,nan,2
2224,nan,nan,nan,3
2225,nan,nan,nan,2
2226,nan,nan,nan,2
2227,nan,nan,nan,2
2228,nan,nan,nan,5
2230,nan,nan,nan,2
2231,nan,nan,nan,2
2232,nan,nan,nan,2
2233,nan,nan,nan,2
2234,nan,nan,nan,2
2235,nan,nan,nan,2
2236,nan,nan,nan,2
2237,nan,nan,nan,2
2238,nan,nan,nan,4
2244,nan,nan,nan,2
2245,2.14590431,0.64452,2,9
2246,8.22538858,0.5342,2,6
2249,nan,nan,nan,2
2250,0.07697717,0.81894,2,74
2251,0.21864423,0.96051,2,6
2252,nan,nan,nan,2
2253,0.69979231,0.77947,2,39
2254,nan,nan,nan,5
2255,1.12391729,0.47003,2,13
2256,nan,nan,nan,4
2257,nan,nan,nan,2
2258,5.58606386,0.59517,2,6
2259,nan,nan,nan,5
2263,nan,nan,nan,4
2264,6.14795754,1.30701,2,6
2265,nan,nan,nan,5
2266,nan,nan,nan,4
2267,nan,nan,nan,4
2268,nan,nan,nan,2
2269,nan,nan,nan,2
2270,nan,nan,nan,5
2274,0.25656869,1.33052,2,26
2275,nan,nan,nan,2
2276,nan,nan,nan,3
2277,3.84752733,0.92351,2,6
2278,nan,nan,nan,3
2279,2.66399889,0.92639,2,7
2286,nan,nan,nan,2
2289,0.07307773,0.44107,2,7
2290,11.76140613,0.96499,2,6
2293,nan,nan,nan,2
2294,nan,nan,nan,5
2295,nan,nan,nan,2
2296,4.16576274,1.09174,2,8
2297,nan,nan,nan,5
2298,nan,nan,nan,2
2299,8.59230742,0.9037,2,9
2301,nan,nan,nan,2
2302,nan,nan,nan,2
2303,1.96945433,0.94361,2,13
2304,nan,nan,nan,4
2305,nan,nan,nan,4
2306,nan,nan,nan,2
2308,0.03186957,0.73966,2,30
2309,nan,nan,nan,2
2310,0.31563335,0.94686,2,76
2311,1.75676552,0.59695,2,17
2312,nan,nan,nan,3
2313,1.43369145,1.55201,2,6
2314,nan,nan,nan,5
2315,nan,nan,nan,5
2318,nan,nan,nan,2
2319,4.87450371,0.91984,2,8,0.06666691,0.08391,2,76,0.58472773,1.19473,2,84
2320,nan,nan,nan,4
2321,nan,nan,nan,4
2322,nan,nan,nan,2
2327,nan,nan,nan,5
2328,nan,nan,nan,3
2329,nan,nan,nan,4
2333,nan,nan,nan,3
2334,0.03279491,0.49623,2,21
2335,0.73177471,0.82009,2,10
2336,3.07856632,0.49859,2,11
2337,nan,nan,nan,5
2338,nan,nan,nan,3
2339,nan,nan,nan,2
2342,0.07443912,0.31251,2,8
2343,2.94747046,1.0365,2,14
2344,3.37116814,1.1519,2,13
2345,nan,nan,nan,4
2346,1.70613610,1.58158,2,6
2347,nan,nan,nan,4
2348,nan,nan,nan,3
2349,3.90740446,0.62334,2,10
2350,nan,nan,nan,3
2351,1.54918094,0.52237,2,6
2352,nan,nan,nan,5
2353,nan,nan,nan,2
2354,5.95119283,1.18471,2,8
2357,nan,nan,nan,2
2358,nan,nan,nan,2
2360,0.05389221,0.60099,2,117
2361,nan,nan,nan,3
2362,nan,nan,nan,2
2363,nan,nan,nan,2
2364,nan,nan,nan,4
2365,nan,nan,nan,5
2366,nan,nan,nan,2
2373,nan,nan,nan,2
2374,1.86186550,0.95812,2,17
2375,nan,nan,nan,3
2376,nan,nan,nan,2
2377,0.99296217,1.22937,2,10
2378,nan,nan,nan,2
2379,nan,nan,nan,2
2380,nan,nan,nan,3
2385,0.09668690,0.70094,2,18
2386,nan,nan,nan,2
2387,0.11687726,0.27481,2,32
2388,0.29388170,0.71968,2,9
2389,nan,nan,nan,2
2390,nan,nan,nan,4
2391,6.27861396,0.88512,2,7
2392,2.49484167,1.16655,2,14
2394,nan,nan,nan,5
2396,0.61158032,1.30727,2,21
2397,nan,nan,nan,2
2398,nan,nan,nan,2
2399,nan,nan,nan,4
2406,2.15547772,0.48127,2,9
2407,3.65622108,0.89372,2,9
2408,1.44818659,0.73183,2,13
2409,nan,nan,nan,2
2410,nan,nan,nan,3
2411,nan,nan,nan,5
2412,nan,nan,nan,2
2413,nan,nan,nan,3
2417,nan,nan,nan,3
2418,nan,nan,nan,2
2419,0.02500797,0.78963,2,63
2420,2.36641289,0.96074,2,7
2421,nan,nan,nan,3
2424,nan,nan,nan,2
2428,0.02716611,0.28402,2,19,0.17451080,0.80219,2,222
2429,nan,nan,nan,3
2430,3.39451516,0.94246,2,13
2431,2.43950299,0.4298,2,6
2435,3.03248616,0.98469,2,18
2436,nan,nan,nan,2
2437,nan,nan,nan,2
2438,nan,nan,nan,2
2439,nan,nan,nan,2
2444,nan,nan,nan,2
2447,nan,nan,nan,2
2448,0.37901727,0.70338,2,10
2449,nan,nan,nan,3
2454,1.13254059,1.14464,2,31
2456,0.18654246,0.97814,2,9
2457,nan,nan,nan,2
2458,nan,nan,nan,2
2459,nan,nan,nan,2
2460,0.12951121,0.59142,2,14
2461,nan,nan,nan,3
2462,nan,nan,nan,4
2463,nan,nan,nan,2
2468,0.77766730,0.6306,2,6
2469,0.09028035,0.28851,2,22
2470,0.06258147,1.16522,2,15
2471,1.52451320,0.79932,2,7
2472,0.72426472,0.76492,2,6
2473,0.96931879,0.77969,2,8
2474,nan,nan,nan,5
2475,3.79090257,0.94753,2,7
2476,nan,nan,nan,3
2481,0.01530054,0.32761,2,24
2482,0.07029218,0.83664,2,152
2483,0.79601077,1.3743,2,14
2484,4.95597080,1.24808,2,11
2485,3.49931023,0.9159,2,8
2486,nan,nan,nan,4
2487,2.17613032,1.13688,2,6
2493,0.37201186,1.50453,2,11
2494,nan,nan,nan,5
2495,nan,nan,nan,2
2499,nan,nan,nan,4
2500,1.53048997,1.33048,2,14
2501,nan,nan,nan,3
2502,nan,nan,nan,3
2503,nan,nan,nan,4
2504,nan,nan,nan,3
2509,nan,nan,nan,2
2510,2.76567624,0.37847,2,10
2511,1.94709484,1.29242,2,17
2515,nan,nan,nan,5
2516,nan,nan,nan,3
2517,nan,nan,nan,2
2518,nan,nan,nan,2
2519,1.54860039,1.30445,2,13
2520,nan,nan,nan,2
2527,nan,nan,nan,4
2528,nan,nan,nan,4
2529,0.65200832,0.45837,2,31
2531,0.86458953,0.76011,2,24
2532,0.06244133,0.44352,2,21
2533,nan,nan,nan,4
2534,1.38429845,0.69938,2,8
2535,nan,nan,nan,2
2539,nan,nan,nan,4
2541,0.14072012,0.91599,2,34
2542,0.64136590,0.84341,2,15
2543,2.23779939,0.39254,2,6
2544,1.28676906,1.26528,2,23
2545,nan,nan,nan,3
2546,3.81710093,0.76323,2,6
2547,2.40196078,1.06262,2,6
2549,nan,nan,nan,2
2550,nan,nan,nan,2
2551,nan,nan,nan,2
2552,1.81724025,0.93797,2,16
2553,1.34228260,0.56219,2,6
2554,nan,nan,nan,2
2559,0.03956807,0.40183,2,54
2560,0.91626344,1.21577,2,34
2561,nan,nan,nan,3
2562,3.68935546,1.09416,2,14
2563,nan,nan,nan,2
2566,1.53934876,1.21366,2,8
2567,0.65136093,0.9843,2,39
2568,4.60861284,1.48526,2,12
2569,nan,nan,nan,3
2570,nan,nan,nan,3
2572,nan,nan,nan,3
2574,nan,nan,nan,4
2575,nan,nan,nan,3
2576,2.99279863,1.11024,2,7
2577,nan,nan,nan,2
2579,4.63975157,0.68683,2,19
2580,5.33881885,0.5455,2,8
2581,3.38116608,0.61322,2,6
2582,nan,nan,nan,2
2583,6.40968467,0.65147,2,7
2586,1.12434707,1.0663,2,8
2587,nan,nan,nan,2
2588,nan,nan,nan,2
2589,1.64906142,0.75942,2,23
2590,nan,nan,nan,5
2594,nan,nan,nan,3
2595,3.83735940,0.87151,2,6
2596,nan,nan,nan,3
2597,nan,nan,nan,4
2598,4.83691510,1.08353,2,16
2602,0.40862071,0.55247,2,6
2603,1.85455979,0.80623,2,6
2604,1.83665504,1.34546,2,26
2605,nan,nan,nan,2
2606,nan,nan,nan,4
2607,nan,nan,nan,2
2608,6.54587636,0.69993,2,7
2609,nan,nan,nan,5
2610,nan,nan,nan,4
2614,1.70133466,0.96007,2,24
2615,2.45717109,0.95664,2,12
2616,3.44441155,0.88822,2,7
2617,2.25824021,0.89131,2,13
2623,0.61296362,0.78966,2,18
2624,2.73827400,0.51248,2,18
2626,2.80809632,1.20126,2,9
2627,nan,nan,nan,3
2628,2.41822016,1.22851,2,11
2629,nan,nan,nan,2
2636,nan,nan,nan,5
2637,nan,nan,nan,3
2641,nan,nan,nan,2
2642,nan,nan,nan,3
2643,0.56057348,0.41697,2,9
2644,nan,nan,nan,2
2645,2.90857560,1.00724,2,8
2646,0.97834103,1.16853,2,9
2647,nan,nan,nan,4
2648,nan,nan,nan,2
2649,nan,nan,nan,2
2654,nan,nan,nan,4
2655,nan,nan,nan,2
2660,nan,nan,nan,2
2663,nan,nan,nan,4
2664,nan,nan,nan,2
2665,nan,nan,nan,3
2666,nan,nan,nan,3
2667,4.19342409,0.89378,2,12
2668,nan,nan,nan,3
2670,5.08704736,1.04349,2,6
2672,nan,nan,nan,2
2675,0.05337083,0.65943,2,194
2676,0.15802082,0.68246,2,9
2677,nan,nan,nan,2
2678,0.34838598,1.32785,2,10
2679,nan,nan,nan,2
2680,0.97550372,0.97558,2,37
2681,nan,nan,nan,2
2682,nan,nan,nan,2
2683,nan,nan,nan,2
2685,0.33656659,1.02489,2,11
2686,nan,nan,nan,3
2687,nan,nan,nan,2
2690,0.45681955,1.12716,2,14
2691,nan,nan,nan,2
2692,nan,nan,nan,3
2693,nan,nan,nan,4
2696,0.09473767,0.56652,2,7
2697,1.74542864,1.24986,2,8
2698,nan,nan,nan,2
2703,nan,nan,nan,5
2704,nan,nan,nan,3
2706,0.39669447,0.93036,2,30
2707,0.09762589,0.43898,2,27
2708,nan,nan,nan,2
2709,nan,nan,nan,4
2711,1.35974042,0.65028,2,8
2712,nan,nan,nan,2
2719,0.10949863,1.02042,2,12
2720,3.06061961,0.63316,2,16
2721,0.20571780,0.09623,2,19
2722,nan,nan,nan,2
2729,nan,nan,nan,2
2730,nan,nan,nan,2
2731,nan,nan,nan,2
2732,1.17809456,0.8175,2,21
2733,nan,nan,nan,4
2734,8.50187949,0.70165,2,9
2739,0.06568769,0.35655,2,12
2740,0.09440438,0.54442,2,14
2741,nan,nan,nan,2
2742,nan,nan,nan,5
2743,nan,nan,nan,2
2750,nan,nan,nan,3
2753,nan,nan,nan,2
2754,nan,nan,nan,2
2755,nan,nan,nan,2
2756,nan,nan,nan,3
2757,nan,nan,nan,3
2758,nan,nan,nan,2
2759,1.24500265,0.69806,2,22
2762,1.05778203,1.07737,2,16
2767,nan,nan,nan,3
2769,nan,nan,nan,5
2776,0.26925775,1.41655,2,7
2777,0.03187566,0.28694,2,11
2778,10.63910706,0.87055,2,6
2781,nan,nan,nan,4
2783,nan,nan,nan,2
2784,0.93758187,1.02851,2,9
2785,nan,nan,nan,3
2786,nan,nan,nan,4
2789,1.93803237,0.8463,2,11
2792,nan,nan,nan,4
2793,nan,nan,nan,4
2795,nan,nan,nan,3
2796,2.23324857,0.987,2,8
2797,nan,nan,nan,2
2799,2.67970929,1.01974,2,8
2800,nan,nan,nan,2
2802,nan,nan,nan,2
2803,nan,nan,nan,5
2807,0.19978576,1.00152,2,13
2811,1.47472867,0.68953,2,7
2812,nan,nan,nan,2
2813,nan,nan,nan,4
2814,nan,nan,nan,3
2815,8.17102775,0.98956,2,8
2819,nan,nan,nan,2
2820,nan,nan,nan,2
2821,nan,nan,nan,2
2822,nan,nan,nan,5
2823,nan,nan,nan,3
2824,3.61479137,1.09247,2,8
2825,1.33434623,0.75274,2,8
2826,nan,nan,nan,5
2827,0.13264605,1.02755,2,82
2830,0.02446989,0.17224,2,14
2831,0.22392815,0.83878,2,25
2832,0.06279304,0.55811,2,7
2833,nan,nan,nan,3
2834,nan,nan,nan,2
2835,nan,nan,nan,2
2837,nan,nan,nan,2
2838,0.38076590,0.78883,2,9
2839,nan,nan,nan,4
2840,nan,nan,nan,5
2845,nan,nan,nan,2
2846,nan,nan,nan,4
2847,nan,nan,nan,2
2855,0.07134043,0.26772,2,11
2856,nan,nan,nan,2
2857,nan,nan,nan,3
2858,nan,nan,nan,2
2859,nan,nan,nan,3
2860,1.82416547,1.4181,2,17
2861,nan,nan,nan,3
2863,nan,nan,nan,3
2866,nan,nan,nan,2
2867,nan,nan,nan,2
2868,0.44130331,1.02046,2,11
2869,nan,nan,nan,2
2870,nan,nan,nan,3
2880,0.08357614,0.60742,2,8
2881,0.12960517,0.35014,2,8
2882,nan,nan,nan,4
2883,nan,nan,nan,2
2887,nan,nan,nan,4
2890,0.59968705,0.56043,2,10
2891,nan,nan,nan,5
2892,0.27140358,1.17962,2,53
2893,nan,nan,nan,4
2894,nan,nan,nan,3
2895,1.82952522,1.24537,2,8
2900,0.10738708,1.18257,2,14
2901,0.96429288,0.57406,2,11
2902,nan,nan,nan,3
2905,nan,nan,nan,2
2906,nan,nan,nan,2
2907,nan,nan,nan,2
2908,nan,nan,nan,2
2909,3.54324922,0.73326,2,6
2910,nan,nan,nan,3
2912,0.11312711,0.73045,2,11
2913,nan,nan,nan,5
2914,nan,nan,nan,2
2915,nan,nan,nan,2
2921,nan,nan,nan,3
2922,nan,nan,nan,3
2923,nan,nan,nan,4
2924,1.26336523,1.06754,2,9,0.00814689,0.15675,2,90
2925,nan,nan,nan,2
2932,0.13964798,0.70121,2,33
2933,2.19662653,1.0143,2,7
2934,nan,nan,nan,3
2935,nan,nan,nan,2
2936,nan,nan,nan,3
2941,nan,nan,nan,3
2942,nan,nan,nan,3
2943,nan,nan,nan,2
2944,nan,nan,nan,5
2945,nan,nan,nan,5
2950,nan,nan,nan,3
2951,0.11547688,0.53486,2,7
2952,0.39508369,1.13032,2,19
2953,0.35277501,1.0932,2,7
2954,nan,nan,nan,2
2955,0.56939416,1.00356,2,15
2958,2.21207666,1.0508,2,9
2959,0.97002643,1.26734,2,6
2960,3.09274411,0.84908,2,9
2961,3.45776498,1.27783,2,14
2962,nan,nan,nan,5
2963,4.67773934,1.03,2,7
2964,3.80993579,1.3148,2,6
2970,0.05737918,0.60383,2,36
2971,5.82091295,0.71792,2,9
2972,nan,nan,nan,2
2973,nan,nan,nan,2
2976,nan,nan,nan,2
2977,nan,nan,nan,4
2978,nan,nan,nan,4
2979,1.11890956,1.03161,2,6
2980,nan,nan,nan,2
2983,nan,nan,nan,2
2984,0.65755908,1.31711,2,7
2985,nan,nan,nan,3
2986,2.69394921,0.79435,2,7
2987,nan,nan,nan,4
2992,nan,nan,nan,2
2993,nan,nan,nan,2
2994,0.34331406,0.74067,2,19
2995,nan,nan,nan,4
3000,nan,nan,nan,3
3001,0.01674496,0.07765,2,58
3002,0.31470492,0.88638,2,25
3003,0.35009858,1.20831,2,15
3004,0.99778217,1.17533,2,10
3005,1.71988607,0.73199,2,6
3006,11.03122842,0.72419,2,11
3007,nan,nan,nan,5
3008,nan,nan,nan,5
3010,0.23806835,0.5995,2,7
3011,nan,nan,nan,2
3012,5.69478079,0.64933,2,7
3015,nan,nan,nan,2
3017,2.38490732,0.94833,2,20
3018,0.51584214,0.59391,2,9
3019,0.63651470,1.19662,2,6
3020,4.01148875,0.80378,2,9
3021,2.20871462,1.3625,2,9
3022,nan,nan,nan,3
3028,0.02860808,0.78787,2,32
3029,nan,nan,nan,4
3030,nan,nan,nan,5
3031,0.91919419,1.00726,2,23
3032,nan,nan,nan,2
3033,nan,nan,nan,2
3038,nan,nan,nan,4
3039,nan,nan,nan,2
3040,0.31275664,1.17824,2,28
3041,nan,nan,nan,2
3047,nan,nan,nan,5
3048,0.09000239,1.1388,2,21
3050,0.05638327,0.90341,2,8
3051,nan,nan,nan,4
3052,5.43803033,0.88247,2,6
3054,nan,nan,nan,3
3056,nan,nan,nan,2
3057,nan,nan,nan,5
3064,nan,nan,nan,2
3065,nan,nan,nan,2
3066,nan,nan,nan,3
3067,nan,nan,nan,4
3068,0.72822288,1.14184,2,7
3069,2.10242334,0.73147,2,8
3070,nan,nan,nan,5
3071,nan,nan,nan,2
3072,nan,nan,nan,2
3073,nan,nan,nan,2
3076,0.05582248,0.60769,2,57
3077,0.17934314,0.96771,2,6
3078,nan,nan,nan,4
3079,nan,nan,nan,4
3080,nan,nan,nan,5
3083,nan,nan,nan,3
3086,0.04717379,0.51273,2,51
3087,0.02237943,0.04754,2,40
3088,nan,nan,nan,2
3089,2.62458251,0.71729,2,9
3091,0.28556493,0.71618,2,12
3092,0.67251862,0.92367,2,6
3093,0.42444642,0.85491,2,6
3094,nan,nan,nan,4
3097,nan,nan,nan,2
3098,nan,nan,nan,5
3099,nan,nan,nan,3
3100,0.11045713,1.53213,2,12
3101,1.21003871,1.33333,2,7
3102,nan,nan,nan,4
3103,nan,nan,nan,4
3105,nan,nan,nan,3
3107,nan,nan,nan,2
3108,nan,nan,nan,2
3109,1.66767065,0.96417,2,6
3110,nan,nan,nan,3
3111,nan,nan,nan,2
3113,nan,nan,nan,4
3114,0.52406384,1.52319,2,8
3115,0.49493129,1.00356,2,26
3116,nan,nan,nan,4
3117,nan,nan,nan,4
3118,0.90108576,0.7713,2,7
3119,nan,nan,nan,2
3120,nan,nan,nan,2
3121,nan,nan,nan,4
3126,0.02283486,0.5626,2,18
3127,nan,nan,nan,3
3128,nan,nan,nan,4
3129,1.94701895,0.9457,2,8
3134,0.26681609,1.09516,2,18
3136,0.10302511,1.37454,2,19
3137,nan,nan,nan,2
3138,nan,nan,nan,4
3139,9.33785166,0.97143,2,7
3144,0.33268221,0.79564,2,38
3145,0.56755807,0.66895,2,13
3146,nan,nan,nan,4
3147,nan,nan,nan,4
3150,nan,nan,nan,2
3151,nan,nan,nan,4
3152,nan,nan,nan,3
3153,nan,nan,nan,2
3154,10.40380027,1.65029,2,6
3155,nan,nan,nan,2
3158,nan,nan,nan,2
3159,nan,nan,nan,4
3160,0.77234910,0.92456,2,27
3161,nan,nan,nan,3
3162,2.87908669,0.8391,2,8
3163,nan,nan,nan,5
3164,nan,nan,nan,3
3165,nan,nan,nan,2
3166,nan,nan,nan,5
3169,nan,nan,nan,4
3170,nan,nan,nan,3
3171,0.34239007,1.28246,2,12
3172,0.03347676,1.0853,2,6
3173,0.32685490,0.7884,2,6
3174,nan,nan,nan,5
3175,3.80555541,1.61638,2,7
3176,4.83469307,1.00109,2,11
3180,0.02804991,0.3807,2,9
3182,0.14631105,0.45725,2,21
3183,nan,nan,nan,2
3184,nan,nan,nan,4
3185,nan,nan,nan,3
3186,nan,nan,nan,2
3187,nan,nan,nan,2
3188,nan,nan,nan,5
3189,0.13946949,0.47687,2,12
3190,nan,nan,nan,2
3191,nan,nan,nan,4
3193,2.93214174,0.6749,2,11
3195,0.19295430,0.56894,2,8
3196,nan,nan,nan,2
3197,1.05815213,1.07851,2,8
3198,2.18568379,0.87932,2,17
3199,nan,nan,nan,2
3200,nan,nan,nan,3
3207,nan,nan,nan,3
3208,nan,nan,nan,5
3209,nan,nan,nan,3
3210,6.03143430,0.65532,2,7
3216,nan,nan,nan,3
3217,0.05297712,0.44894,2,34
3218,nan,nan,nan,5
3219,nan,nan,nan,2
3220,1.04479326,0.72216,2,17
3221,nan,nan,nan,5
3222,nan,nan,nan,2
3223,nan,nan,nan,2
3226,nan,nan,nan,3
3227,0.05181571,0.93344,2,89
3228,nan,nan,nan,2
3229,4.50885372,1.30749,2,18
3230,nan,nan,nan,3
3231,nan,nan,nan,5
3236,nan,nan,nan,2
3237,nan,nan,nan,5
3238,nan,nan,nan,5
3239,9.75477690,1.33141,2,6
3245,0.09165259,0.97091,2,16
3246,nan,nan,nan,2
3247,1.84357050,1.35472,2,9
3248,nan,nan,nan,4
3249,nan,nan,nan,4
3250,nan,nan,nan,4
3251,3.44307589,1.13015,2,30
3256,nan,nan,nan,4
3257,nan,nan,nan,2
3258,nan,nan,nan,5
3259,nan,nan,nan,3
3260,nan,nan,nan,2
3267,nan,nan,nan,3
3268,nan,nan,nan,2
3269,nan,nan,nan,2
3270,nan,nan,nan,2
3271,6.26063697,1.44401,2,9
3272,nan,nan,nan,2
3276,nan,nan,nan,2
3277,3.88074077,1.32169,2,11
3278,3.79167943,0.74941,2,6
3279,nan,nan,nan,3
3281,nan,nan,nan,2
3283,nan,nan,nan,2
3288,nan,nan,nan,5
3290,0.12600816,1.08559,2,27
3291,nan,nan,nan,3
3292,nan,nan,nan,3
3297,nan,nan,nan,2
3298,0.77166036,0.8493,2,9
3299,nan,nan,nan,4
3300,nan,nan,nan,3
3301,nan,nan,nan,3
3302,nan,nan,nan,3
3303,nan,nan,nan,3
3310,0.47267526,0.95343,2,27,0.00773364,0.34559,2,49,2.38184332,1.1218,2,56
3311,3.21014392,1.31403,2,9
3312,3.31788818,1.1295,2,28
3313,3.81331309,0.83992,2,8
3314,nan,nan,nan,3
3315,nan,nan,nan,5
3316,nan,nan,nan,2
3319,1.80310242,1.34148,2,12
3320,1.32901317,1.53175,2,6
3321,nan,nan,nan,5
3323,0.10741656,0.89207,2,43
3324,nan,nan,nan,3
3325,nan,nan,nan,4
3329,nan,nan,nan,2
3330,nan,nan,nan,2
3331,3.52795342,0.68645,2,8
3332,2.84379321,0.68679,2,7
3333,3.73823129,1.15935,2,11
3334,nan,nan,nan,2
3335,5.89013771,1.13762,2,21
3336,nan,nan,nan,2
3337,nan,nan,nan,2
3345,nan,nan,nan,2
3346,nan,nan,nan,2
3347,nan,nan,nan,2
3348,nan,nan,nan,3
3349,nan,nan,nan,3
3350,nan,nan,nan,3
3351,nan,nan,nan,2
3352,nan,nan,nan,4
3359,2.65983536,1.17784,2,8
3363,nan,nan,nan,2
3364,0.05842203,0.85997,2,28
3365,0.00960502,0.36533,2,12
3366,1.21593574,0.60208,2,25
3367,1.13607449,0.87999,2,12
3368,nan,nan,nan,2
3375,nan,nan,nan,5
3376,nan,nan,nan,2
3380,2.86887921,0.87722,2,13
3382,nan,nan,nan,2
3383,nan,nan,nan,2
3384,nan,nan,nan,2
3385,2.68414189,1.39438,2,9
3386,4.14363406,0.83084,2,8
3390,nan,nan,nan,3
3391,nan,nan,nan,2
3392,2.04623493,1.41696,2,15
3393,1.63352588,0.95138,2,9
3394,nan,nan,nan,4
3395,nan,nan,nan,2
3396,nan,nan,nan,3
3398,nan,nan,nan,3
3399,nan,nan,nan,4
3400,nan,nan,nan,2
3401,0.16343486,1.10683,2,79
3402,1.35634198,1.35098,2,14
3403,nan,nan,nan,5
3404,6.34111410,0.80805,2,6
3405,9.27782822,1.05741,2,9
3408,0.06923662,0.56291,2,23
3410,nan,nan,nan,2
3411,nan,nan,nan,5
3412,nan,nan,nan,4
3413,nan,nan,nan,2
3414,nan,nan,nan,4
3415,nan,nan,nan,3
3416,nan,nan,nan,4
3420,0.01756315,0.66474,2,7
3421,nan,nan,nan,2
3422,nan,nan,nan,2
3423,2.00535345,0.71759,2,11
3424,nan,nan,nan,4
3425,nan,nan,nan,2
3428,nan,nan,nan,2
3429,2.35754363,0.88203,2,6
3431,0.88185084,1.24243,2,10
3432,nan,nan,nan,2
3433,nan,nan,nan,3
3434,1.76881729,1.48418,2,6
3435,nan,nan,nan,3
3436,4.64459554,0.75596,2,9
3440,7.71015248,1.19055,2,8
3441,nan,nan,nan,2
3442,0.14994792,0.90059,2,14
3443,nan,nan,nan,3
3444,2.10368395,0.71461,2,7
3445,6.49411935,0.69639,2,6
3446,nan,nan,nan,3
3449,nan,nan,nan,2
3450,nan,nan,nan,4
3451,4.54538797,1.01197,2,15
3452,nan,nan,nan,4
3453,nan,nan,nan,4
3458,1.56288998,1.20177,2,8
3461,0.76095650,0.69271,2,8
3462,nan,nan,nan,2
3463,nan,nan,nan,4
3464,nan,nan,nan,2
3465,nan,nan,nan,3
3468,0.41152251,0.52093,2,6
3469,nan,nan,nan,2
3470,nan,nan,nan,3
3471,4.85891690,1.1707,2,9
3473,nan,nan,nan,2
3474,nan,nan,nan,3
3475,nan,nan,nan,2
3476,2.26591349,1.03541,2,6
3477,0.78822948,0.9954,2,6
3478,nan,nan,nan,2
3479,nan,nan,nan,3
3485,nan,nan,nan,3
3487,nan,nan,nan,2
3488,nan,nan,nan,2
3494,nan,nan,nan,4
3495,0.12067448,1.41061,2,8
3496,nan,nan,nan,5
3497,4.09405197,1.18729,2,7
3498,nan,nan,nan,3
3500,nan,nan,nan,3
3501,nan,nan,nan,5
3502,nan,nan,nan,3
3503,nan,nan,nan,3
3504,nan,nan,nan,3
3505,nan,nan,nan,5
3506,0.44100821,1.01006,2,48
3507,9.26769420,0.95316,2,7
3509,nan,nan,nan,2
3510,0.43411778,0.80152,2,23
3511,nan,nan,nan,4
3516,0.22963831,0.76831,2,14
3517,0.90657682,1.03554,2,29
3518,nan,nan,nan,4
3519,nan,nan,nan,5
3520,nan,nan,nan,3
3521,nan,nan,nan,2
3523,nan,nan,nan,2
3524,5.31852148,1.03861,2,10
3525,3.43247559,0.80566,2,10
3529,nan,nan,nan,3
3532,0.30913955,1.37648,2,24
3533,nan,nan,nan,3
3534,nan,nan,nan,2
3538,4.08113326,0.92492,2,7
3540,0.04891421,0.40174,2,6
3541,1.18054440,1.10515,2,38
3542,nan,nan,nan,2
3543,nan,nan,nan,4
3545,3.17623258,0.91309,2,10
3546,nan,nan,nan,2
3547,0.90382949,1.06846,2,15
3548,nan,nan,nan,2
3549,nan,nan,nan,3
3553,nan,nan,nan,4
3554,nan,nan,nan,2
3557,nan,nan,nan,4
3558,nan,nan,nan,4
3559,0.17387568,0.89313,2,52
3560,0.28099306,0.72554,2,6
3561,1.10517837,0.78143,2,7
3562,nan,nan,nan,4
3565,nan,nan,nan,3
3566,3.18523663,0.88184,2,8
3567,0.23542390,1.33522,2,13
3568,nan,nan,nan,3
3569,nan,nan,nan,2
3570,nan,nan,nan,3
3571,5.01382677,1.42899,2,9
3572,nan,nan,nan,3
3573,nan,nan,nan,3
3574,0.03738928,0.70998,2,10
3578,nan,nan,nan,2
3580,nan,nan,nan,2
3581,2.30646215,1.22582,2,11
3582,nan,nan,nan,2
3583,nan,nan,nan,5
3584,nan,nan,nan,5
3590,nan,nan,nan,2
3592,nan,nan,nan,2
3593,2.30009500,1.25636,2,7
3594,2.44032325,0.63128,2,8
3595,nan,nan,nan,4
3596,nan,nan,nan,3
3597,nan,nan,nan,2
3601,nan,nan,nan,4
3602,nan,nan,nan,2
3603,nan,nan,nan,3
3604,nan,nan,nan,3
3605,nan,nan,nan,2
3606,2.80444476,1.0101,2,14
3609,12.00094395,0.88979,2,6
3610,0.47662598,1.29484,2,15
3611,nan,nan,nan,2
3612,4.67946534,0.81038,2,13
3613,nan,nan,nan,4
3614,nan,nan,nan,4
3620,4.35182057,0.75177,2,6
3621,nan,nan,nan,2
3622,nan,nan,nan,2
3623,nan,nan,nan,2
3624,nan,nan,nan,2
3625,nan,nan,nan,3
3629,nan,nan,nan,2
3630,nan,nan,nan,5
3631,nan,nan,nan,2
3634,nan,nan,nan,5
3636,nan,nan,nan,2
3637,nan,nan,nan,3
3638,0.22571250,1.33335,2,20
3639,nan,nan,nan,2
3640,2.41212294,0.70084,2,6
3641,nan,nan,nan,4
3642,5.68829503,0.73832,2,8
3647,0.12462891,0.80235,2,6
3648,0.50587527,1.09099,2,21
3649,0.13799592,1.5265,2,40
3650,nan,nan,nan,5
3651,nan,nan,nan,2
3652,nan,nan,nan,2
3654,4.55429063,1.1036,2,13
3657,nan,nan,nan,3
3658,0.69294005,1.39063,2,27,0.05957681,0.56343,2,134
3659,nan,nan,nan,3
3660,3.12511421,1.3401,2,6
3661,nan,nan,nan,3
3662,nan,nan,nan,3
3663,2.17377500,0.74851,2,7
3665,nan,nan,nan,2
3666,0.10141571,1.30188,2,16
3667,0.23893085,0.9659,2,31
3668,1.02693746,1.25324,2,7
3669,0.00566570,0.4525,2,6
3670,nan,nan,nan,2
3671,1.26914531,1.38664,2,6
3672,2.20899003,0.83457,2,25
3673,nan,nan,nan,3
3674,nan,nan,nan,5
3675,4.14178906,1.09808,2,12
3677,nan,nan,nan,4
3679,nan,nan,nan,2
3680,nan,nan,nan,3
3683,nan,nan,nan,2
3684,1.80335473,1.3743,2,11
3685,4.53717705,0.93585,2,6
3686,nan,nan,nan,3
3691,0.23442385,1.16458,2,7
3692,0.16879315,1.11157,2,32
3693,nan,nan,nan,5
3694,2.00938306,0.64564,2,8
3695,3.21667018,0.78882,2,8
3696,nan,nan,nan,4
3697,nan,nan,nan,2
3700,nan,nan,nan,2
3701,0.16783768,0.89114,2,11
3702,0.04909917,0.63978,2,25
3703,1.74354272,1.20157,2,22
3704,nan,nan,nan,3
3705,nan,nan,nan,2
3709,nan,nan,nan,2
3710,0.01535775,0.21221,2,87
3711,0.17473843,1.2775,2,20,0.02794705,0.45217,2,37
3712,3.50996807,1.04826,2,8
3713,nan,nan,nan,3
3718,2.22750584,0.89931,2,6
3719,0.17200355,0.98557,2,20
3720,nan,nan,nan,2
3721,nan,nan,nan,2
3722,nan,nan,nan,3
3723,nan,nan,nan,2
3727,nan,nan,nan,2
3728,0.21429419,1.1463,2,11
3729,nan,nan,nan,3
3730,nan,nan,nan,5
3732,nan,nan,nan,3
3733,nan,nan,nan,2
3734,nan,nan,nan,2
3735,4.64754021,0.82367,2,7
3738,nan,nan,nan,4
3739,nan,nan,nan,2
3740,0.39199782,0.90882,2,18
3741,0.25224864,0.82974,2,24
3742,nan,nan,nan,3
3743,nan,nan,nan,2
3744,1.09187112,1.16834,2,22
3745,6.06355056,0.77896,2,6
3747,nan,nan,nan,3
3748,nan,nan,nan,2
3749,nan,nan,nan,2
3750,nan,nan,nan,3
3752,7.35940371,1.06535,2,7
3753,nan,nan,nan,5
3754,0.38065923,1.33694,2,15
3755,0.36178244,0.88584,2,7
3756,nan,nan,nan,3
3757,nan,nan,nan,2
3758,nan,nan,nan,3
3759,3.74070245,0.79517,2,12
3760,nan,nan,nan,5
3762,nan,nan,nan,5
3764,nan,nan,nan,2
3765,nan,nan,nan,3
3766,nan,nan,nan,2
3767,nan,nan,nan,2
3768,nan,nan,nan,2
3770,nan,nan,nan,2
3771,nan,nan,nan,2
3772,0.79268950,1.32784,2,8
3773,nan,nan,nan,3
3774,nan,nan,nan,2
3775,nan,nan,nan,2
3776,nan,nan,nan,2
3777,nan,nan,nan,2
3778,nan,nan,nan,2
3779,7.92637063,0.62892,2,6
3784,nan,nan,nan,2
3785,nan,nan,nan,2
3786,nan,nan,nan,2
3787,2.08781186,0.77641,2,7
3788,2.64831663,0.97929,2,7
3789,nan,nan,nan,3
3791,4.77630039,1.24339,2,7
3792,nan,nan,nan,3
3793,nan,nan,nan,3
3796,nan,nan,nan,2
3797,nan,nan,nan,4
3798,1.24358926,1.36999,2,12
3799,nan,nan,nan,2
3803,nan,nan,nan,4
3804,0.35495762,0.93167,2,17
3809,nan,nan,nan,3
3810,1.51433469,0.90367,2,7
3811,nan,nan,nan,3
3812,2.03885207,0.9161,2,20
3813,nan,nan,nan,2
3814,2.99699241,1.0545,2,6
3815,nan,nan,nan,2
3819,nan,nan,nan,5
3820,0.72631738,1.35544,2,9
3821,nan,nan,nan,3
3822,nan,nan,nan,2
3823,nan,nan,nan,5
3824,nan,nan,nan,2
3830,nan,nan,nan,4
3831,nan,nan,nan,2
3832,0.11154147,0.73572,2,32
3833,nan,nan,nan,5
3834,0.19545377,0.51836,2,7
3835,nan,nan,nan,4
3836,3.91079731,1.36335,2,7
3840,nan,nan,nan,4
3841,nan,nan,nan,2
3842,3.38851249,0.66677,2,6
3846,0.13217302,0.64746,2,7
3847,0.23756163,0.64706,2,14
3848,nan,nan,nan,2
3853,nan,nan,nan,2
3854,1.35715860,0.79326,2,21
3855,nan,nan,nan,5
3856,8.89931818,1.27982,2,7
3857,3.01797257,1.08119,2,7
3858,nan,nan,nan,3
3861,nan,nan,nan,5
3862,nan,nan,nan,2
3863,nan,nan,nan,2
3864,0.45148175,1.16391,2,6
3865,0.56550657,0.87694,2,6
3866,nan,nan,nan,5
3867,nan,nan,nan,5
3868,0.74280929,0.82758,2,11
3869,nan,nan,nan,5
3872,nan,nan,nan,2
3873,nan,nan,nan,2
3874,nan,nan,nan,4
3875,1.87765517,0.95908,2,6
3876,1.59221105,0.86812,2,20
3877,nan,nan,nan,4
3878,5.79783257,0.76044,2,11
3880,4.99550195,1.06946,2,7
3881,2.77288711,0.72202,2,9
3882,nan,nan,nan,2
3883,0.30029258,0.53256,2,8
3884,nan,nan,nan,2
3885,3.92633495,1.03448,2,6
3889,0.60186022,1.00826,2,11
3890,0.13261208,0.4209,2,9
3891,0.36705241,0.83243,2,9
3892,nan,nan,nan,3
3893,nan,nan,nan,3
3894,nan,nan,nan,4
3895,nan,nan,nan,3
3897,1.68439218,1.01513,2,18
3898,nan,nan,nan,3
3899,0.06301480,0.98458,2,19
3900,1.32485534,1.29759,2,13
3903,nan,nan,nan,2
3904,nan,nan,nan,4
3905,nan,nan,nan,3
3906,nan,nan,nan,4
3907,4.49856033,0.61031,2,11
3908,1.09313683,0.79904,2,11
3909,0.75657434,0.7913,2,36
3910,nan,nan,nan,4
3914,2.29278281,0.98203,2,7
3916,1.61392658,0.95205,2,6
3917,nan,nan,nan,2
3918,0.10869667,0.26717,2,15
3919,1.34278673,0.98138,2,11
3920,nan,nan,nan,2
3921,nan,nan,nan,3
3926,6.41709951,0.79952,2,9
3927,nan,nan,nan,2
3928,0.17977536,1.27495,2,12
3929,nan,nan,nan,2
3933,nan,nan,nan,2
3934,3.75340475,0.71475,2,15
3937,nan,nan,nan,2
3939,0.31136398,0.47659,2,7
3940,nan,nan,nan,5
3941,nan,nan,nan,2
3945,nan,nan,nan,5
3946,nan,nan,nan,5
3947,nan,nan,nan,5
3948,nan,nan,nan,2
3949,nan,nan,nan,4
3950,nan,nan,nan,2
3953,nan,nan,nan,2
3954,4.16752690,0.96599,2,15
3955,0.12642478,0.36257,2,10
3956,nan,nan,nan,2
3957,nan,nan,nan,4
3958,9.86326768,0.48351,2,6
3961,0.01397267,0.56936,2,13
3964,0.31301785,1.1981,2,25
3965,nan,nan,nan,3
3966,nan,nan,nan,2
3967,0.08951264,0.1784,2,16
3968,0.71167221,1.52384,2,10,0.04468427,0.65005,2,63
3969,1.15444702,1.06105,2,9
3970,nan,nan,nan,2
3971,nan,nan,nan,5
3972,nan,nan,nan,2
3973,nan,nan,nan,3
3974,0.67295249,1.20961,2,13
3975,1.50754090,1.13265,2,15
3976,nan,nan,nan,2
3977,nan,nan,nan,2
3982,0.53950051,1.24513,2,19
3983,nan,nan,nan,2
3984,nan,nan,nan,2
3985,nan,nan,nan,3
3989,1.47040127,1.04638,2,17
3990,nan,nan,nan,3
3991,nan,nan,nan,5
3992,0.86178714,0.80883,2,11
3993,nan,nan,nan,5
3994,nan,nan,nan,2
3995,1.70627438,0.99263,2,21
3996,3.42451823,0.52118,2,6
3998,0.13153996,0.72804,2,6
3999,nan,nan,nan,4
4001,0.54329889,0.8496,2,18
4002,nan,nan,nan,5
4003,nan,nan,nan,4
4004,2.29561882,0.92191,2,7
4005,nan,nan,nan,2
4006,3.32236240,0.75561,2,10
4010,3.20149652,0.81284,2,7
4011,nan,nan,nan,5
4012,nan,nan,nan,2
4013,nan,nan,nan,3
4016,0.59249582,0.47503,2,9
4017,0.03653240,0.28246,2,13
4018,1.93301018,1.18611,2,27
4019,nan,nan,nan,4
4020,nan,nan,nan,3
4021,nan,nan,nan,2
4024,1.13634951,1.14255,2,12
4025,1.14266912,0.9497,2,16
4026,nan,nan,nan,2
4027,nan,nan,nan,5
4028,nan,nan,nan,5
4029,5.53001142,0.80755,2,7
4030,nan,nan,nan,3
4031,nan,nan,nan,4
4032,4.79962426,0.91506,2,11
4033,2.85097668,0.97308,2,6
4036,0.63176911,1.37602,2,13
4037,0.80853314,1.01307,2,16
4038,0.37897956,0.90539,2,6
4039,2.60382435,0.61871,2,6
4040,nan,nan,nan,2
4041,nan,nan,nan,3
4042,0.71927158,0.96654,2,46
4046,nan,nan,nan,4
4047,nan,nan,nan,3
4048,nan,nan,nan,2
4049,nan,nan,nan,4
4053,nan,nan,nan,3
4054,4.71693596,1.21735,2,9
4055,0.62792023,0.95856,2,55
4056,nan,nan,nan,2
4057,2.39430240,1.12328,2,6
4058,4.95963969,0.57263,2,8
4060,nan,nan,nan,4
4061,nan,nan,nan,2
4062,1.12815968,1.05477,2,6
4063,0.36777193,1.18034,2,41
4064,nan,nan,nan,2
4065,nan,nan,nan,2
4070,0.21513847,0.9398,2,11
4071,nan,nan,nan,2
4072,0.04247091,0.49012,2,14
4073,nan,nan,nan,2
4074,nan,nan,nan,4
4079,nan,nan,nan,2
4080,nan,nan,nan,3
4081,nan,nan,nan,2
4086,nan,nan,nan,2
4087,0.77800236,1.08233,2,10
4088,5.60741921,1.34371,2,7
4092,nan,nan,nan,2
4093,0.19513530,0.98712,2,18
4094,0.05958387,0.29412,2,67
4095,0.72134437,1.13919,2,6
4096,nan,nan,nan,3
4100,0.56183607,1.31888,2,20
4101,5.23096262,0.88788,2,8
4102,nan,nan,nan,2
4103,0.27971804,1.13251,2,23
4104,nan,nan,nan,2
4105,nan,nan,nan,5
4109,nan,nan,nan,4
4110,3.27616465,0.71102,2,7
4115,nan,nan,nan,3
4116,nan,nan,nan,2
4117,nan,nan,nan,3
4118,3.95821220,0.79927,2,8
4120,nan,nan,nan,2
4121,nan,nan,nan,2
4122,nan,nan,nan,5
4123,nan,nan,nan,2
4124,nan,nan,nan,2
4125,nan,nan,nan,2
4129,nan,nan,nan,3
4130,0.05059427,1.26312,2,6
4131,nan,nan,nan,4
4132,nan,nan,nan,2
4133,0.19850620,0.86061,2,41
4134,nan,nan,nan,2
4135,nan,nan,nan,2
4137,nan,nan,nan,2
4138,nan,nan,nan,5
4139,nan,nan,nan,2
4140,nan,nan,nan,4
4141,4.59312161,1.00211,2,14
4142,nan,nan,nan,3
4147,4.14432166,1.3775,2,6
4148,nan,nan,nan,2
4149,0.35256530,0.85937,2,58
4150,nan,nan,nan,2
4154,nan,nan,nan,5
4155,nan,nan,nan,2
4156,nan,nan,nan,5
4157,0.78605953,1.05985,2,5,0.00357804,0.36755,2,22,0.13201033,1.0403,2,30
4158,nan,nan,nan,4
4159,4.44781351,1.22408,2,11
4163,nan,nan,nan,3
4164,0.72677263,1.0463,2,11
4165,1.50085967,0.94867,2,7
4166,nan,nan,nan,2
4167,nan,nan,nan,4
4168,nan,nan,nan,2
4169,nan,nan,nan,2
4173,0.57847113,1.00434,2,26
4174,nan,nan,nan,2
4175,nan,nan,nan,2
4176,nan,nan,nan,2
4177,nan,nan,nan,3
4178,3.43598700,0.9236,2,10
4179,nan,nan,nan,3
4180,nan,nan,nan,2
4182,6.09227988,1.15264,2,6
4183,1.58769454,0.6833,2,6
4184,4.07859561,1.20304,2,6
4186,nan,nan,nan,2
4188,nan,nan,nan,2
4189,nan,nan,nan,3
4190,0.41096625,0.89944,2,36
4191,nan,nan,nan,5
4194,nan,nan,nan,3
4195,0.01034789,0.11387,2,50,0.15208484,1.21405,2,64
4196,nan,nan,nan,5
4197,nan,nan,nan,3
4198,nan,nan,nan,2
4199,1.11016118,1.20033,2,31
4200,2.03176910,1.27056,2,9
4201,nan,nan,nan,4
4207,nan,nan,nan,2
4209,nan,nan,nan,3
4210,nan,nan,nan,3
4211,nan,nan,nan,2
4212,nan,nan,nan,3
4213,nan,nan,nan,2
4214,nan,nan,nan,5
4215,0.25039735,0.91428,2,14
4216,1.89210786,0.94416,2,7
4217,nan,nan,nan,2
4221,nan,nan,nan,2
4222,nan,nan,nan,2
4223,nan,nan,nan,4
4224,5.44712463,0.9356,2,7
4230,0.13450512,1.13664,2,71
4231,nan,nan,nan,2
4232,nan,nan,nan,2
4236,0.24141614,0.75136,2,15
4238,0.57995056,0.67189,2,11
4239,0.23557752,0.89549,2,13
4240,nan,nan,nan,5
4241,0.57255714,1.03331,2,18
4242,2.03887656,0.85163,2,7
4243,3.24519309,1.31643,2,7
4244,nan,nan,nan,3
4245,nan,nan,nan,4
4246,nan,nan,nan,2
4247,1.72067494,1.02887,2,6
4249,nan,nan,nan,3
4253,nan,nan,nan,2
4254,nan,nan,nan,3
4255,0.63792515,0.7904,2,12
4256,nan,nan,nan,3
4263,1.66270988,0.78041,2,7
4264,nan,nan,nan,4
4265,0.07376473,0.72882,2,7
4266,0.99702817,0.51058,2,10
4267,nan,nan,nan,2
4268,nan,nan,nan,2
4269,3.46194410,0.90725,2,11
4273,0.49569531,0.67879,2,7
4274,nan,nan,nan,4
4275,nan,nan,nan,5
4276,nan,nan,nan,4
4277,0.29728343,1.15331,2,30
4279,0.43813307,0.91299,2,23
4280,0.74546645,0.90888,2,15
4281,nan,nan,nan,5
4282,nan,nan,nan,5
4283,nan,nan,nan,4
4284,6.42351784,1.02762,2,6
4287,4.15877521,1.02454,2,6
4289,0.01062785,0.32191,2,37
4290,nan,nan,nan,3
4291,nan,nan,nan,2
4294,nan,nan,nan,3
4295,1.96033621,1.2725,2,6
4296,4.63303393,1.14571,2,9
4298,nan,nan,nan,2
4299,6.79147265,1.23426,2,9
4300,nan,nan,nan,3
4301,nan,nan,nan,3
4302,nan,nan,nan,2
4304,nan,nan,nan,3
4305,0.31463003,0.88436,2,6
4306,nan,nan,nan,2
4307,0.03492562,0.40523,2,9
4308,nan,nan,nan,4
4309,3.86318047,0.705,2,7
4317,nan,nan,nan,4
4318,nan,nan,nan,2
4319,nan,nan,nan,5
4320,0.04703190,0.26643,2,8,6.52841080,1.1383,2,15
4321,2.85539650,1.30125,2,11
4322,nan,nan,nan,2
4324,2.54145227,0.85029,2,12
4325,nan,nan,nan,2
4326,nan,nan,nan,5
4329,0.04429413,0.84951,2,64
4334,nan,nan,nan,3
4335,0.17404027,1.12819,2,15
4336,0.01380969,0.35955,2,83,2.76173925,0.28904,2,91
4337,0.20481614,1.10093,2,16
4338,nan,nan,nan,3
4339,nan,nan,nan,3
4340,0.74826751,1.1902,2,17
4341,nan,nan,nan,3
4342,nan,nan,nan,5
4343,nan,nan,nan,2
4346,nan,nan,nan,2
4347,3.92663780,1.03334,2,8
4350,1.01245522,1.2851,2,16
4351,nan,nan,nan,5
4352,nan,nan,nan,5
4357,nan,nan,nan,2
4358,nan,nan,nan,4
4360,0.31112942,1.44947,2,9
4361,nan,nan,nan,4
4362,nan,nan,nan,2
4363,nan,nan,nan,5
4364,nan,nan,nan,5
4368,nan,nan,nan,2
4369,3.39516652,1.33546,2,7
4370,nan,nan,nan,2
4373,nan,nan,nan,4
4374,nan,nan,nan,4
4375,nan,nan,nan,4
4376,1.71350800,1.1147,2,13
4377,1.87861482,1.18988,2,8
4378,4.97648386,0.61438,2,6
4379,nan,nan,nan,2
4380,nan,nan,nan,2
4382,0.39878110,0.97665,2,8
4383,1.68991680,1.49212,2,6
4384,nan,nan,nan,4
4385,nan,nan,nan,3
4387,nan,nan,nan,3
4388,0.09624534,1.14222,2,27
4389,0.34283210,0.7565,2,26
4390,nan,nan,nan,2
4393,nan,nan,nan,3
4394,1.77563419,0.94864,2,6
4395,0.15122716,1.33162,2,7,0.01643547,0.17369,2,120
4396,1.09629468,1.12646,2,10
4397,nan,nan,nan,5
4398,nan,nan,nan,5
4399,8.58070555,1.23625,2,8
4406,nan,nan,nan,3
4407,nan,nan,nan,5
4408,2.01749414,1.33066,2,7
4409,2.77612684,0.82063,2,13
4410,nan,nan,nan,4
4412,1.41191031,0.9832,2,16
4414,0.20151341,0.49195,2,26
4415,nan,nan,nan,3
4416,nan,nan,nan,3
4417,2.62776762,0.72256,2,17
4418,nan,nan,nan,4
4422,1.70311398,0.62547,2,23
4423,nan,nan,nan,5
4424,nan,nan,nan,2
4425,nan,nan,nan,3
4426,nan,nan,nan,2
4429,0.45984357,0.90588,2,14
4430,nan,nan,nan,3
4431,nan,nan,nan,2
4432,2.72022535,0.96603,2,25
4435,0.12462649,0.7627,2,9
4437,nan,nan,nan,2
4443,4.01112925,0.89554,2,11
4446,0.12361665,0.99087,2,21
4447,nan,nan,nan,2
4448,nan,nan,nan,2
4449,nan,nan,nan,2
4454,nan,nan,nan,3
4455,nan,nan,nan,5
4457,0.73346558,1.19331,2,7
4458,nan,nan,nan,4
4459,3.43072029,1.15601,2,8
4460,nan,nan,nan,2
4464,nan,nan,nan,4
4469,nan,nan,nan,2
4470,nan,nan,nan,5
4471,nan,nan,nan,2
4472,nan,nan,nan,3
4475,0.09215141,1.14498,2,79
4476,nan,nan,nan,4
4477,9.36205084,0.91514,2,6
4478,nan,nan,nan,2
4484,4.09747586,0.59354,2,6
4491,0.23323181,0.74191,2,8
4492,nan,nan,nan,3
4493,nan,nan,nan,4
4494,nan,nan,nan,2
4502,nan,nan,nan,2
4503,nan,nan,nan,2
4504,nan,nan,nan,5
4505,nan,nan,nan,5
4509,0.49465358,1.14679,2,7
4510,nan,nan,nan,2
4511,nan,nan,nan,3
4512,nan,nan,nan,3
4516,nan,nan,nan,5
4519,0.02359632,0.28039,2,13
4520,nan,nan,nan,2
4521,nan,nan,nan,2
4523,nan,nan,nan,3
4524,4.23244966,1.05856,2,8
4525,0.01735197,1.08861,2,7
4526,nan,nan,nan,4
4527,nan,nan,nan,4
4528,4.10568210,0.8312,2,7
4534,5.21489727,1.01035,2,9
4535,nan,nan,nan,2
4540,0.20585752,0.54337,2,6
4542,nan,nan,nan,4
4543,6.13256361,1.15742,2,7
4547,nan,nan,nan,3
4548,nan,nan,nan,3
4549,0.13383512,0.46803,2,6
4550,5.70696142,1.16579,2,6
4551,3.45399902,0.94999,2,6
4554,0.35282178,1.60097,2,8
4556,0.25730064,0.67985,2,25
4557,1.28371387,0.63373,2,21
4558,nan,nan,nan,3
4559,nan,nan,nan,2
4560,nan,nan,nan,3
4563,0.20701691,0.92887,2,7
4564,nan,nan,nan,2
4565,nan,nan,nan,2
4566,nan,nan,nan,2
4567,nan,nan,nan,2
4572,nan,nan,nan,2
4573,nan,nan,nan,2
4574,nan,nan,nan,3
4575,nan,nan,nan,5
4576,1.45597265,1.30076,2,8
4577,4.55306757,1.20167,2,10
4581,nan,nan,nan,2
